2 0.01640625 0.1265625 0.029687500000000002 0.0625
2 0.084375 0.22812500000000002 0.07187500000000001 0.065625
2 0.1546875 0.42890625000000004 0.109375 0.1234375
2 0.8546875 0.353125 0.025 0.028125
2 0.8304687500000001 0.09453125000000001 0.0234375 0.0234375
2 0.7984375 0.051562500000000004 0.040625 0.025
0 0.2609375 0.7781250000000001 0.51875 0.446875
2 0.7093750000000001 0.6359375 0.03125 0.07500000000000001
2 0.675 0.6078125000000001 0.043750000000000004 0.03125
2 0.6671875 0.6828125 0.05625 0.0625
2 0.6546875000000001 0.6468750000000001 0.018750000000000003 0.028125
2 0.58515625 0.7976562500000001 0.1296875 0.1171875
2 0.64453125 0.9015625 0.07968750000000001 0.053125000000000006
2 0.5765625 0.9500000000000001 0.037500000000000006 0.043750000000000004
