2 0.9140625 0.1765625 0.040625 0.05625
2 0.9656250000000001 0.20546875 0.07187500000000001 0.0921875
2 0.70703125 0.1546875 0.010937500000000001 0.0125
2 0.6804687500000001 0.19687500000000002 0.026562500000000003 0.046875
2 0.70703125 0.20625000000000002 0.0078125 0.0125
2 0.7601562500000001 0.2390625 0.0234375 0.025
2 0.6492187500000001 0.2328125 0.026562500000000003 0.018750000000000003
2 0.7054687500000001 0.26640625 0.11406250000000001 0.0421875
2 0.6781250000000001 0.49531250000000004 0.078125 0.125
2 0.60546875 0.484375 0.0921875 0.096875
2 0.59375 0.54296875 0.06875 0.0859375
2 0.50234375 0.51796875 0.0859375 0.08281250000000001
2 0.45078125 0.55234375 0.1296875 0.060937500000000006
2 0.23515625 0.4546875 0.1546875 0.12187500000000001
2 0.16718750000000002 0.48359375000000004 0.1125 0.11406250000000001
2 0.15937500000000002 0.628125 0.31562500000000004 0.140625
2 0.4609375 0.7140625 0.15937500000000002 0.22812500000000002
2 0.63671875 0.634375 0.045312500000000006 0.046875
2 0.63046875 0.675 0.0203125 0.028125
