0 0.2609375 0.16875 0.48125 0.33437500000000003
2 0.91953125 0.26015625000000003 0.1640625 0.1609375
2 0.62109375 0.31171875000000004 0.0765625 0.0578125
2 0.7429687500000001 0.184375 0.1546875 0.09375
2 0.60859375 0.22265625 0.0890625 0.07968750000000001
2 0.534375 0.19687500000000002 0.040625 0.046875
2 0.09296875 0.9476562500000001 0.18281250000000002 0.1078125
2 0.06953125 0.83359375 0.0890625 0.09843750000000001
2 0.08828125 0.69140625 0.17343750000000002 0.1484375
2 0.0734375 0.465625 0.14375000000000002 0.25
2 0.30078125 0.7328125000000001 0.1859375 0.5375
2 0.24296875 0.37421875000000004 0.1921875 0.0671875
2 0.4734375 0.84765625 0.05625 0.07968750000000001
2 0.48281250000000003 0.93515625 0.028125 0.035937500000000004
1 0.8234375 0.67109375 0.35625 0.6609375000000001
