2 0.16718750000000002 0.34453125 0.33125000000000004 0.1328125
2 0.12812500000000002 0.48281250000000003 0.115625 0.07500000000000001
2 0.284375 0.5375 0.153125 0.16562500000000002
2 0.032031250000000004 0.571875 0.060937500000000006 0.096875
0 0.8265625000000001 0.37109375 0.35000000000000003 0.49843750000000003
2 0.16953125000000002 0.9382812500000001 0.15781250000000002 0.1265625
2 0.19687500000000002 0.7984375 0.15000000000000002 0.13125
2 0.2484375 0.721875 0.084375 0.171875
2 0.4140625 0.7203125 0.171875 0.2
2 0.546875 0.7992187500000001 0.08125 0.0703125
2 0.6140625000000001 0.775 0.043750000000000004 0.043750000000000004
2 0.5015625 0.9265625000000001 0.09375 0.1375
2 0.37343750000000003 0.93359375 0.17500000000000002 0.13593750000000002
2 0.6328125 0.9226562500000001 0.037500000000000006 0.15781250000000002
2 0.5578125 0.9281250000000001 0.1 0.146875
