3 0.043750000000000004 0.1796875 0.084375 0.35625
2 0.5398437500000001 0.43671875000000004 0.0328125 0.0078125
2 0.5265625 0.37890625 0.0625 0.06406250000000001
2 0.59140625 0.178125 0.029687500000000002 0.065625
0 0.16640625 0.74140625 0.3296875 0.5203125000000001
2 0.4265625 0.89453125 0.08750000000000001 0.0921875
2 0.503125 0.9109375000000001 0.10625000000000001 0.1
2 0.48359375000000004 0.9554687500000001 0.051562500000000004 0.0484375
2 0.70234375 0.80234375 0.19843750000000002 0.1234375
2 0.5750000000000001 0.690625 0.115625 0.15000000000000002
2 0.47187500000000004 0.67890625 0.08125 0.0921875
