1 0.35234375 0.30625 0.3765625 0.46875
1 0.77109375 0.31328125 0.4609375 0.4546875
2 0.35468750000000004 0.8093750000000001 0.1375 0.171875
2 0.046875 0.884375 0.07500000000000001 0.08125
2 0.54921875 0.625 0.0171875 0.021875000000000002
2 0.55703125 0.6468750000000001 0.0328125 0.015625
2 0.775 0.6882812500000001 0.08125 0.0546875
2 0.703125 0.7375 0.053125000000000006 0.021875000000000002
2 0.78828125 0.765625 0.11406250000000001 0.034375
2 0.6265625 0.9453125 0.028125 0.025
2 0.59609375 0.9875 0.11093750000000001 0.028125
2 0.6796875 0.9796875 0.046875 0.043750000000000004
2 0.83359375 0.921875 0.07968750000000001 0.12812500000000002
2 0.8015625000000001 0.9171875 0.0625 0.11875000000000001
2 0.7609375 0.925 0.084375 0.153125
