2 0.12578125 0.484375 0.0921875 0.034375
2 0.125 0.415625 0.1125 0.059375000000000004
2 0.0421875 0.36796875 0.053125000000000006 0.0765625
1 0.640625 0.27109375 0.328125 0.4609375
1 0.90625 0.2390625 0.19062500000000002 0.31875000000000003
1 0.4703125 0.03359375 0.203125 0.06406250000000001
3 0.15234375 0.76953125 0.13593750000000002 0.46406250000000004
2 0.28984375 0.890625 0.0484375 0.053125000000000006
2 0.49531250000000004 0.8609375 0.096875 0.1
2 0.5796875 0.8796875000000001 0.115625 0.109375
2 0.55625 0.925 0.05625 0.053125000000000006
2 0.7937500000000001 0.759375 0.215625 0.134375
2 0.6578125 0.6390625000000001 0.125 0.1625
2 0.54609375 0.625 0.0890625 0.1
