2 0.0703125 0.028125 0.08125 0.053125000000000006
2 0.3203125 0.2484375 0.153125 0.12812500000000002
2 0.7640625000000001 0.1609375 0.065625 0.05625
2 0.8500000000000001 0.30234375 0.053125000000000006 0.026562500000000003
2 0.78125 0.28046875 0.043750000000000004 0.060937500000000006
2 0.7796875000000001 0.3296875 0.025 0.03125
2 0.76328125 0.3671875 0.0203125 0.018750000000000003
2 0.034375 0.8812500000000001 0.065625 0.140625
2 0.10546875 0.8953125000000001 0.1046875 0.109375
2 0.11796875000000001 0.8296875 0.0765625 0.096875
2 0.22187500000000002 0.85859375 0.096875 0.0921875
2 0.28046875 0.81953125 0.1453125 0.0671875
2 0.5242187500000001 0.9281250000000001 0.17343750000000002 0.1375
2 0.5984375000000001 0.8968750000000001 0.12812500000000002 0.12812500000000002
2 0.5593750000000001 0.73359375 0.2625 0.15781250000000002
2 0.26953125 0.6375000000000001 0.1796875 0.253125
2 0.07109375 0.7265625 0.051562500000000004 0.053125000000000006
2 0.07734375 0.6796875 0.0234375 0.03125
3 0.87890625 0.7015625000000001 0.24531250000000002 0.6000000000000001
3 0.75 0.540625 0.11875000000000001 0.278125
