3 0.1015625 0.28515625 0.2 0.3515625
1 0.60859375 0.36171875000000003 0.4109375 0.19843750000000002
1 0.055468750000000004 0.7312500000000001 0.1078125 0.540625
2 0.84375 0.56875 0.028125 0.028125
2 0.7953125000000001 0.75703125 0.025 0.026562500000000003
2 0.8296875 0.7117187500000001 0.046875 0.029687500000000002
2 0.66015625 0.49062500000000003 0.0140625 0.009375000000000001
2 0.6039062500000001 0.5859375 0.0140625 0.0125
2 0.52578125 0.66796875 0.0171875 0.026562500000000003
2 0.46875 0.5945312500000001 0.0125 0.0140625
