2 0.296875 0.39687500000000003 0.015625 0.021875000000000002
2 0.2828125 0.47578125000000004 0.021875000000000002 0.0390625
2 0.30703125000000003 0.503125 0.026562500000000003 0.037500000000000006
2 0.29296875 0.5859375 0.029687500000000002 0.034375
2 0.39375000000000004 0.5734375 0.025 0.034375
2 0.37812500000000004 0.60546875 0.009375000000000001 0.0234375
2 0.44296875 0.6429687500000001 0.0203125 0.029687500000000002
2 0.38203125000000004 0.7523437500000001 0.0390625 0.051562500000000004
2 0.7289062500000001 0.7445312500000001 0.0421875 0.035937500000000004
2 0.690625 0.78046875 0.018750000000000003 0.0234375
2 0.7210937500000001 0.784375 0.0140625 0.021875000000000002
2 0.58359375 0.8210937500000001 0.0234375 0.0328125
2 0.7015625000000001 0.8812500000000001 0.015625 0.015625
2 0.7679687500000001 0.51015625 0.0140625 0.0203125
