0 0.30390625000000004 0.14609375 0.5546875 0.2890625
0 0.48515625 0.41875 0.1921875 0.225
2 0.6273437500000001 0.46171875 0.0921875 0.1390625
2 0.7765625 0.4921875 0.246875 0.078125
2 0.9234375 0.51796875 0.12812500000000002 0.026562500000000003
2 0.9382812500000001 0.49921875000000004 0.1265625 0.06406250000000001
2 0.79609375 0.31328125 0.1421875 0.15156250000000002
2 0.83125 0.02734375 0.15000000000000002 0.035937500000000004
2 0.7351562500000001 0.032031250000000004 0.0921875 0.045312500000000006
2 0.6648437500000001 0.018750000000000003 0.051562500000000004 0.018750000000000003
2 0.61875 0.022656250000000003 0.043750000000000004 0.026562500000000003
2 0.6734375 0.096875 0.084375 0.078125
2 0.73046875 0.09453125000000001 0.1453125 0.1203125
2 0.69296875 0.30703125000000003 0.2234375 0.1609375
1 0.38203125000000004 0.8812500000000001 0.3984375 0.240625
1 0.85546875 0.7664062500000001 0.2921875 0.4703125
