3 0.20468750000000002 0.13046875 0.30312500000000003 0.2578125
1 0.09609375 0.44375000000000003 0.18906250000000002 0.153125
0 0.7445312500000001 0.2078125 0.5140625 0.41250000000000003
2 0.06328125 0.9515625000000001 0.1234375 0.0625
2 0.0390625 0.8390625 0.06875 0.059375000000000004
2 0.28984375 0.83515625 0.0203125 0.0421875
2 0.19140625 0.6570312500000001 0.0203125 0.029687500000000002
2 0.32109375 0.54140625 0.0546875 0.0421875
2 0.31484375000000003 0.6546875000000001 0.035937500000000004 0.059375000000000004
2 0.35000000000000003 0.6742187500000001 0.021875000000000002 0.045312500000000006
2 0.0921875 0.565625 0.015625 0.015625
2 0.59296875 0.5640625 0.3453125 0.08750000000000001
