2 0.5140625 0.13671875 0.05625 0.0234375
2 0.6218750000000001 0.36640625000000004 0.05 0.0578125
2 0.690625 0.5953125 0.0625 0.146875
2 0.65 0.65390625 0.0125 0.035937500000000004
2 0.6546875000000001 0.7140625 0.015625 0.028125
2 0.48515625 0.60703125 0.0484375 0.0734375
2 0.45 0.49140625000000004 0.08125 0.0671875
2 0.37890625 0.625 0.026562500000000003 0.025
2 0.29375 0.671875 0.059375000000000004 0.0625
2 0.28750000000000003 0.75 0.043750000000000004 0.08125
2 0.30312500000000003 0.6296875000000001 0.025 0.018750000000000003
2 0.38984375000000004 0.7171875000000001 0.0765625 0.043750000000000004
2 0.43359375 0.7367187500000001 0.0546875 0.0546875
2 0.38359375 0.8296875 0.045312500000000006 0.03125
2 0.46953125 0.859375 0.0390625 0.037500000000000006
