2 0.6578125 0.41328125000000004 0.08125 0.029687500000000002
2 0.6781250000000001 0.46718750000000003 0.021875000000000002 0.025
2 0.37812500000000004 0.5328125 0.034375 0.025
2 0.5515625000000001 0.49375 0.046875 0.053125000000000006
2 0.50234375 0.5203125000000001 0.0171875 0.015625
2 0.446875 0.57578125 0.046875 0.0390625
2 0.44375000000000003 0.5437500000000001 0.015625 0.021875000000000002
2 0.40468750000000003 0.5671875000000001 0.021875000000000002 0.018750000000000003
2 0.4140625 0.59296875 0.009375000000000001 0.0171875
2 0.54296875 0.6546875000000001 0.08281250000000001 0.15937500000000002
2 0.6109375 0.63046875 0.0125 0.0234375
2 0.5203125000000001 0.77109375 0.046875 0.0859375
2 0.51953125 0.7250000000000001 0.0140625 0.018750000000000003
2 0.59296875 0.70625 0.0171875 0.025
2 0.7835937500000001 0.45234375000000004 0.029687500000000002 0.010937500000000001
2 0.5734375 0.46484375 0.06875 0.0484375
2 0.5375 0.42421875000000003 0.018750000000000003 0.0140625
2 0.45859375 0.39609375 0.0328125 0.0171875
2 0.5453125 0.40390625 0.040625 0.0328125
2 0.45859375 0.6875 0.07968750000000001 0.1
2 0.46171875 0.6257812500000001 0.051562500000000004 0.045312500000000006
2 0.47187500000000004 0.8132812500000001 0.043750000000000004 0.1078125
2 0.29531250000000003 0.6921875000000001 0.03125 0.018750000000000003
2 0.17890625000000002 0.7046875 0.0171875 0.015625
2 0.33203125 0.64453125 0.029687500000000002 0.0171875
2 0.31015625 0.6265625 0.029687500000000002 0.0125
2 0.34140625 0.415625 0.0171875 0.0125
2 0.2078125 0.36640625000000004 0.065625 0.0328125
