2 0.215625 0.3875 0.35000000000000003 0.58125
2 0.025 0.675 0.046875 0.09062500000000001
2 0.90234375 0.1640625 0.0140625 0.0125
2 0.7703125000000001 0.22031250000000002 0.021875000000000002 0.018750000000000003
2 0.79453125 0.1625 0.0484375 0.040625
2 0.828125 0.043750000000000004 0.15625 0.084375
2 0.9320312500000001 0.25 0.0390625 0.059375000000000004
2 0.79296875 0.325 0.0765625 0.09375
2 0.84765625 0.44609375 0.0234375 0.0171875
2 0.9695312500000001 0.51796875 0.0140625 0.0171875
2 0.8851562500000001 0.61328125 0.010937500000000001 0.0140625
2 0.9703125 0.61484375 0.018750000000000003 0.0140625
2 0.9968750000000001 0.56796875 0.009375000000000001 0.0234375
1 0.821875 0.8609375 0.359375 0.28125
