2 0.134375 0.5007812500000001 0.09062500000000001 0.060937500000000006
2 0.30781250000000004 0.32656250000000003 0.05 0.037500000000000006
2 0.22187500000000002 0.39687500000000003 0.028125 0.043750000000000004
2 0.21406250000000002 0.28750000000000003 0.018750000000000003 0.028125
2 0.45078125 0.1953125 0.0203125 0.109375
2 0.29531250000000003 0.1703125 0.06875 0.08125
2 0.0578125 0.051562500000000004 0.07500000000000001 0.08125
0 0.5484375 0.215625 0.17500000000000002 0.42812500000000003
2 0.37343750000000003 0.665625 0.05 0.05625
2 0.16171875000000002 0.634375 0.09843750000000001 0.10312500000000001
2 0.07500000000000001 0.6531250000000001 0.11875000000000001 0.1125
2 0.09921875000000001 0.70078125 0.0578125 0.0546875
1 0.7898437500000001 0.7664062500000001 0.4234375 0.4703125
