1 0.23671875 0.3640625 0.4109375 0.33437500000000003
0 0.7609375 0.22109375 0.48125 0.4390625
1 0.2609375 0.7953125000000001 0.51875 0.41250000000000003
2 0.9593750000000001 0.91953125 0.015625 0.0140625
2 0.8460937500000001 0.87265625 0.0171875 0.0171875
2 0.7718750000000001 0.8421875000000001 0.00625 0.009375000000000001
2 0.8109375000000001 0.796875 0.03125 0.028125
2 0.8421875000000001 0.8125 0.00625 0.00625
2 0.7445312500000001 0.7210937500000001 0.0328125 0.0203125
2 0.7898437500000001 0.70078125 0.0421875 0.026562500000000003
