2 0.08281250000000001 0.3015625 0.1625 0.146875
2 0.05625 0.171875 0.08125 0.09062500000000001
2 0.07734375 0.055468750000000004 0.15156250000000002 0.1078125
2 0.26953125 0.1953125 0.1703125 0.3875
2 0.42109375000000004 0.1859375 0.0390625 0.07187500000000001
2 0.43125 0.26484375 0.018750000000000003 0.0328125
1 0.61484375 0.17500000000000002 0.3484375 0.34687500000000004
1 0.9140625 0.1484375 0.17500000000000002 0.29375
3 0.11406250000000001 0.81171875 0.225 0.3796875
3 0.1015625 0.525 0.16562500000000002 0.125
2 0.5265625 0.9515625000000001 0.05 0.065625
2 0.53125 0.8953125000000001 0.040625 0.03125
2 0.46484375 0.6937500000000001 0.0484375 0.0625
2 0.49296875 0.796875 0.1046875 0.12187500000000001
2 0.5242187500000001 0.69453125 0.029687500000000002 0.08281250000000001
2 0.5578125 0.74375 0.05 0.1
2 0.6351562500000001 0.94921875 0.13593750000000002 0.0734375
2 0.7171875000000001 0.8718750000000001 0.09375 0.12187500000000001
2 0.7468750000000001 0.8148437500000001 0.03125 0.0484375
2 0.73828125 0.9703125 0.1265625 0.0625
2 0.9953125 0.94296875 0.0125 0.1171875
2 0.9656250000000001 0.97421875 0.06875 0.0546875
2 0.89609375 0.9359375000000001 0.06406250000000001 0.115625
2 0.83984375 0.91015625 0.051562500000000004 0.08281250000000001
