1 0.23593750000000002 0.29531250000000003 0.46875 0.5875
2 0.9500000000000001 0.33125000000000004 0.07500000000000001 0.043750000000000004
2 0.7125 0.4 0.146875 0.171875
2 0.77109375 0.53515625 0.0703125 0.15156250000000002
2 0.50234375 0.30000000000000004 0.06406250000000001 0.037500000000000006
2 0.5078125 0.26953125 0.043750000000000004 0.029687500000000002
2 0.59140625 0.4390625 0.0171875 0.021875000000000002
3 0.23593750000000002 0.8367187500000001 0.46875 0.3296875
1 0.72578125 0.6828125 0.5109375 0.14375000000000002
1 0.96875 0.765625 0.065625 0.309375
