2 0.3765625 0.26484375 0.096875 0.1015625
2 0.2921875 0.2828125 0.11875000000000001 0.1125
2 0.31562500000000004 0.3296875 0.059375000000000004 0.05625
2 0.09296875 0.16171875000000002 0.18281250000000002 0.13593750000000002
2 0.21171875 0.06171875 0.1265625 0.1203125
2 0.32656250000000003 0.0390625 0.09062500000000001 0.07500000000000001
2 0.5859375 0.1703125 0.1 0.078125
2 0.853125 0.09062500000000001 0.05 0.1
0 0.240625 0.8148437500000001 0.45937500000000003 0.37343750000000003
0 0.27109375 0.47734375 0.3984375 0.15156250000000002
