2 0.434375 0.0234375 0.0125 0.028125
2 0.39375000000000004 0.27968750000000003 0.043750000000000004 0.046875
2 0.4265625 0.19375 0.028125 0.0625
2 0.32656250000000003 0.1875 0.025 0.025
2 0.3015625 0.11093750000000001 0.03125 0.037500000000000006
2 0.34609375000000003 0.05390625 0.0859375 0.1046875
2 0.10625000000000001 0.353125 0.034375 0.037500000000000006
0 0.703125 0.25625000000000003 0.525 0.509375
2 0.23125 0.68125 0.12812500000000002 0.09375
2 0.31875000000000003 0.9109375000000001 0.13125 0.096875
0 0.7210937500000001 0.690625 0.5609375 0.359375
