1 0.29531250000000003 0.2765625 0.171875 0.55
1 0.5593750000000001 0.2765625 0.33437500000000003 0.55
0 0.19140625 0.73046875 0.3796875 0.35781250000000003
2 0.45390625 0.8359375 0.0421875 0.059375000000000004
2 0.565625 0.86875 0.09062500000000001 0.065625
2 0.49921875000000004 0.6359375 0.0890625 0.05625
2 0.8484375000000001 0.58125 0.12187500000000001 0.059375000000000004
2 0.6625000000000001 0.71640625 0.021875000000000002 0.029687500000000002
2 0.6312500000000001 0.6828125 0.028125 0.059375000000000004
2 0.6257812500000001 0.7468750000000001 0.06406250000000001 0.037500000000000006
2 0.60703125 0.7203125 0.0421875 0.034375
2 0.5640625 0.7015625000000001 0.05625 0.028125
2 0.9234375 0.87890625 0.14375000000000002 0.0859375
