3 0.26015625000000003 0.26640625 0.4421875 0.5296875
2 0.8109375000000001 0.43281250000000004 0.08125 0.046875
2 0.8125 0.36640625000000004 0.07187500000000001 0.060937500000000006
2 0.70625 0.2328125 0.084375 0.065625
2 0.6000000000000001 0.33906250000000004 0.1625 0.06875
2 0.55390625 0.38515625000000003 0.0921875 0.0546875
2 0.61484375 0.27187500000000003 0.0859375 0.05625
2 0.5476562500000001 0.2921875 0.0234375 0.015625
2 0.6804687500000001 0.15546875000000002 0.1265625 0.1078125
2 0.5234375 0.032031250000000004 0.037500000000000006 0.060937500000000006
2 0.49531250000000004 0.040625 0.028125 0.053125000000000006
2 0.20546875 0.8265625000000001 0.045312500000000006 0.043750000000000004
0 0.6875 0.7664062500000001 0.41250000000000003 0.4703125
