2 0.4078125 0.17500000000000002 0.046875 0.09062500000000001
2 0.5078125 0.24296875 0.037500000000000006 0.0546875
2 0.77734375 0.534375 0.0390625 0.05625
2 0.86484375 0.93125 0.0234375 0.028125
2 0.8703125 0.98359375 0.0125 0.0234375
2 0.72421875 0.9343750000000001 0.0421875 0.03125
2 0.6726562500000001 0.565625 0.0859375 0.0625
2 0.7351562500000001 0.34687500000000004 0.08281250000000001 0.053125000000000006
2 0.40703125 0.29296875 0.11406250000000001 0.060937500000000006
2 0.58203125 0.42265625 0.0203125 0.026562500000000003
2 0.6101562500000001 0.390625 0.026562500000000003 0.05625
2 0.6156250000000001 0.45156250000000003 0.059375000000000004 0.034375
2 0.6328125 0.42734375 0.040625 0.0328125
2 0.6734375 0.40859375000000003 0.053125000000000006 0.026562500000000003
2 0.3359375 0.57578125 0.134375 0.07968750000000001
2 0.18671875000000002 0.6648437500000001 0.1171875 0.035937500000000004
2 0.153125 0.6921875000000001 0.05 0.028125
2 0.51328125 0.7914062500000001 0.0140625 0.0171875
2 0.54296875 0.796875 0.0171875 0.015625
2 0.48671875000000003 0.8484375000000001 0.0140625 0.0125
2 0.45546875000000003 0.9906250000000001 0.0203125 0.0125
2 0.5007812500000001 0.88671875 0.0203125 0.0171875
2 0.49296875 0.8695312500000001 0.0078125 0.0234375
