0 0.40703125 0.31640625 0.38906250000000003 0.2484375
3 0.8679687500000001 0.38828125 0.2671875 0.1046875
2 0.5171875 0.4765625 0.034375 0.018750000000000003
2 0.4375 0.540625 0.025 0.018750000000000003
2 0.01171875 0.553125 0.0203125 0.025
2 0.0421875 0.5476562500000001 0.053125000000000006 0.029687500000000002
2 0.055468750000000004 0.5359375000000001 0.026562500000000003 0.0125
2 0.13984375000000002 0.8640625000000001 0.0328125 0.034375
2 0.23203125000000002 0.75 0.0390625 0.040625
2 0.20703125 0.7468750000000001 0.035937500000000004 0.037500000000000006
2 0.284375 0.7625000000000001 0.0625 0.040625
2 0.36328125 0.76953125 0.0421875 0.0390625
2 0.34765625 0.721875 0.051562500000000004 0.025
2 0.4296875 0.76171875 0.06875 0.0671875
2 0.40390625 0.74375 0.0328125 0.028125
2 0.40234375 0.7117187500000001 0.0390625 0.0203125
1 0.7835937500000001 0.73203125 0.3640625 0.3953125
