3 0.134375 0.1875 0.265625 0.371875
3 0.6046875 0.21640625000000002 0.26875 0.4296875
2 0.08515625 0.59921875 0.0421875 0.06406250000000001
2 0.20234375000000002 0.634375 0.09843750000000001 0.07187500000000001
2 0.30703125000000003 0.4703125 0.0234375 0.03125
2 0.27265625 0.44843750000000004 0.029687500000000002 0.034375
2 0.26796875000000003 0.50546875 0.0671875 0.0390625
2 0.24765625000000002 0.47500000000000003 0.045312500000000006 0.037500000000000006
2 0.20234375000000002 0.45546875000000003 0.060937500000000006 0.029687500000000002
2 0.384375 0.8929687500000001 0.015625 0.0203125
2 0.35078125000000004 0.9007812500000001 0.0203125 0.0171875
2 0.4140625 0.96015625 0.015625 0.0140625
2 0.3984375 0.99609375 0.021875000000000002 0.010937500000000001
2 0.4078125 0.98203125 0.009375000000000001 0.026562500000000003
3 0.8125 0.7820312500000001 0.37812500000000004 0.4390625
1 0.503125 0.7820312500000001 0.065625 0.3921875
