2 0.5007812500000001 0.24921875000000002 0.060937500000000006 0.07968750000000001
2 0.1203125 0.35625 0.09375 0.09375
2 0.045312500000000006 0.36250000000000004 0.053125000000000006 0.046875
2 0.51171875 0.5140625 0.0390625 0.08750000000000001
2 0.3375 0.7453125 0.046875 0.05
2 0.2 0.9382812500000001 0.07187500000000001 0.060937500000000006
2 0.37343750000000003 0.9617187500000001 0.05 0.060937500000000006
2 0.44921875 0.7820312500000001 0.1453125 0.0578125
2 0.36796875 0.55078125 0.045312500000000006 0.0421875
2 0.34375 0.6101562500000001 0.034375 0.0421875
1 0.7664062500000001 0.8578125000000001 0.4703125 0.28750000000000003
