2 0.4296875 0.36015625 0.125 0.1390625
2 0.60859375 0.584375 0.026562500000000003 0.043750000000000004
2 0.47187500000000004 0.58125 0.018750000000000003 0.015625
2 0.44843750000000004 0.65 0.225 0.1125
2 0.5125000000000001 0.61640625 0.0125 0.0171875
2 0.5007812500000001 0.5796875 0.004687500000000001 0.00625
2 0.503125 0.59765625 0.003125 0.004687500000000001
2 0.5609375 0.8078125 0.046875 0.034375
2 0.27578125000000003 0.65546875 0.051562500000000004 0.0390625
2 0.13593750000000002 0.72421875 0.018750000000000003 0.0203125
