1 0.2765625 0.33125000000000004 0.55 0.540625
2 0.9593750000000001 0.54140625 0.053125000000000006 0.0546875
2 0.87890625 0.35625 0.07968750000000001 0.07500000000000001
2 0.9554687500000001 0.17421875 0.0578125 0.06406250000000001
2 0.7976562500000001 0.13593750000000002 0.045312500000000006 0.0625
1 0.24453125 0.7078125000000001 0.30781250000000004 0.21250000000000002
1 0.43281250000000004 0.8992187500000001 0.23750000000000002 0.20468750000000002
2 0.88984375 0.853125 0.045312500000000006 0.040625
2 0.95859375 0.81640625 0.0234375 0.035937500000000004
2 0.953125 0.7421875 0.03125 0.05625
2 0.9125000000000001 0.7609375 0.03125 0.046875
2 0.9625 0.9453125 0.078125 0.037500000000000006
