2 0.3453125 0.55625 0.037500000000000006 0.028125
2 0.34218750000000003 0.5921875 0.05 0.025
2 0.26406250000000003 0.484375 0.028125 0.05
2 0.35078125000000004 0.44140625 0.026562500000000003 0.026562500000000003
2 0.1203125 0.41171875 0.040625 0.0328125
2 0.3640625 0.35781250000000003 0.028125 0.021875000000000002
2 0.40468750000000003 0.25390625 0.065625 0.0734375
2 0.37031250000000004 0.07187500000000001 0.046875 0.03125
2 0.40625 0.051562500000000004 0.025 0.040625
2 0.609375 0.17109375000000002 0.025 0.0421875
0 0.9343750000000001 0.4 0.134375 0.503125
3 0.17109375000000002 0.8265625000000001 0.33906250000000004 0.35000000000000003
2 0.8289062500000001 0.984375 0.1171875 0.034375
2 0.796875 0.9578125000000001 0.05 0.028125
