2 0.36171875000000003 0.48359375000000004 0.15781250000000002 0.0734375
2 0.41875 0.43359375 0.00625 0.0078125
2 0.33671875 0.478125 0.11406250000000001 0.084375
2 0.42578125 0.49843750000000003 0.029687500000000002 0.043750000000000004
2 0.25625000000000003 0.465625 0.034375 0.028125
2 0.07421875 0.5109375 0.035937500000000004 0.015625
2 0.1328125 0.47734375 0.015625 0.010937500000000001
2 0.1390625 0.4546875 0.009375000000000001 0.0125
2 0.039843750000000004 0.44843750000000004 0.0140625 0.015625
2 0.00625 0.42031250000000003 0.009375000000000001 0.028125
2 0.1 0.40468750000000003 0.037500000000000006 0.05
2 0.21406250000000002 0.3609375 0.034375 0.025
2 0.28750000000000003 0.3515625 0.0125 0.025
2 0.34296875000000004 0.359375 0.029687500000000002 0.03125
2 0.41875 0.17578125 0.043750000000000004 0.0765625
2 0.17500000000000002 0.07500000000000001 0.059375000000000004 0.146875
2 0.26328125 0.025 0.11093750000000001 0.046875
0 0.69296875 0.2609375 0.4296875 0.51875
1 0.22109375 0.7125 0.4390625 0.384375
1 0.7515625 0.63671875 0.5 0.2328125
