2 0.057031250000000006 0.28828125 0.11093750000000001 0.11093750000000001
2 0.032031250000000004 0.33671875 0.0578125 0.0546875
2 0.27187500000000003 0.16875 0.21875 0.1375
2 0.13203125000000002 0.06484375 0.1265625 0.1265625
2 0.03359375 0.041406250000000006 0.06406250000000001 0.07968750000000001
3 0.7609375 0.21640625000000002 0.48125 0.4296875
0 0.1265625 0.5609375 0.25 0.259375
2 0.6828125 0.9320312500000001 0.171875 0.045312500000000006
2 0.68359375 0.87890625 0.1203125 0.0546875
2 0.69296875 0.8328125000000001 0.045312500000000006 0.025
2 0.7328125000000001 0.7718750000000001 0.065625 0.0625
2 0.6640625 0.4609375 0.078125 0.059375000000000004
2 0.6195312500000001 0.58046875 0.1546875 0.16718750000000002
2 0.6312500000000001 0.6984375 0.11875000000000001 0.096875
2 0.56640625 0.84140625 0.0546875 0.0484375
2 0.5609375 0.9203125000000001 0.028125 0.034375
2 0.5906250000000001 0.98984375 0.11875000000000001 0.0234375
