3 0.20625000000000002 0.08984375 0.40937500000000004 0.1765625
3 0.060937500000000006 0.23125 0.09062500000000001 0.084375
0 0.7562500000000001 0.32109375 0.49062500000000003 0.3609375
1 0.35468750000000004 0.7515625 0.3125 0.5
2 0.7312500000000001 0.5632812500000001 0.0625 0.0546875
2 0.8609375 0.8578125000000001 0.043750000000000004 0.043750000000000004
2 0.99140625 0.92734375 0.0203125 0.0390625
2 0.9750000000000001 0.98203125 0.053125000000000006 0.0390625
2 0.7375 0.7734375 0.125 0.140625
2 0.6609375000000001 0.6843750000000001 0.153125 0.1375
2 0.74140625 0.515625 0.15156250000000002 0.028125
2 0.5828125000000001 0.5484375 0.034375 0.015625
