2 0.43125 0.2421875 0.053125000000000006 0.08125
2 0.39453125 0.37031250000000004 0.0890625 0.07500000000000001
2 0.31562500000000004 0.22187500000000002 0.028125 0.028125
2 0.22187500000000002 0.1703125 0.065625 0.06875
2 0.215625 0.084375 0.046875 0.09062500000000001
2 0.2328125 0.215625 0.028125 0.021875000000000002
2 0.325 0.1203125 0.084375 0.046875
2 0.375 0.1 0.059375000000000004 0.059375000000000004
2 0.31875000000000003 0.0078125 0.05 0.0125
3 0.6265625 0.21328125 0.096875 0.0546875
2 0.013281250000000001 0.8617187500000001 0.0234375 0.051562500000000004
2 0.37031250000000004 0.9390625 0.040625 0.025
2 0.4140625 0.93125 0.018750000000000003 0.021875000000000002
2 0.446875 0.96875 0.05625 0.018750000000000003
2 0.27421875 0.89375 0.0390625 0.037500000000000006
2 0.29765625 0.9164062500000001 0.026562500000000003 0.0234375
2 0.25546875 0.92890625 0.0171875 0.026562500000000003
2 0.2828125 0.9453125 0.0125 0.028125
2 0.32734375000000004 0.8070312500000001 0.13593750000000002 0.0578125
2 0.41718750000000004 0.6640625 0.125 0.115625
1 0.77109375 0.7679687500000001 0.4609375 0.3953125
