1 0.15156250000000002 0.13593750000000002 0.30000000000000004 0.26875
2 0.63828125 0.23125 0.5171875 0.45937500000000003
1 0.20234375000000002 0.7312500000000001 0.19843750000000002 0.540625
2 0.8031250000000001 0.6234375000000001 0.025 0.025
2 0.73203125 0.61328125 0.0078125 0.010937500000000001
2 0.74765625 0.8382812500000001 0.029687500000000002 0.0171875
2 0.6671875 0.80390625 0.009375000000000001 0.0234375
2 0.61640625 0.7601562500000001 0.026562500000000003 0.0171875
2 0.60703125 0.7976562500000001 0.0234375 0.0203125
2 0.5546875 0.86484375 0.03125 0.0171875
2 0.6312500000000001 0.8046875 0.034375 0.018750000000000003
2 0.671875 0.759375 0.009375000000000001 0.0125
2 0.7375 0.8148437500000001 0.009375000000000001 0.010937500000000001
2 0.7828125 0.8421875000000001 0.009375000000000001 0.009375000000000001
2 0.7359375 0.9515625000000001 0.00625 0.009375000000000001
2 0.77734375 0.99921875 0.026562500000000003 0.004687500000000001
2 0.665625 0.99921875 0.00625 0.004687500000000001
