2 0.22109375 0.17500000000000002 0.051562500000000004 0.05
2 0.32890625 0.35546875 0.1265625 0.060937500000000006
2 0.3484375 0.46796875000000004 0.06875 0.0578125
2 0.47109375000000003 0.43125 0.1765625 0.08125
2 0.540625 0.52578125 0.05 0.0421875
2 0.6101562500000001 0.553125 0.0890625 0.053125000000000006
2 0.6171875 0.63203125 0.065625 0.0765625
2 0.10546875 0.47187500000000004 0.0203125 0.040625
2 0.20078125000000002 0.64609375 0.0203125 0.029687500000000002
2 0.07187500000000001 0.7664062500000001 0.053125000000000006 0.0578125
2 0.078125 0.6468750000000001 0.034375 0.059375000000000004
2 0.03125 0.628125 0.05 0.043750000000000004
2 0.5890625 0.71875 0.034375 0.025
2 0.43984375000000003 0.78828125 0.035937500000000004 0.0328125
2 0.29609375 0.734375 0.0140625 0.015625
2 0.58125 0.82421875 0.065625 0.0390625
2 0.5632812500000001 0.8031250000000001 0.0234375 0.028125
2 0.69140625 0.784375 0.09843750000000001 0.0625
2 0.37421875000000004 0.22109375 0.0421875 0.045312500000000006
2 0.61484375 0.8421875000000001 0.06406250000000001 0.05625
2 0.66171875 0.8382812500000001 0.060937500000000006 0.0546875
2 0.68359375 0.86875 0.045312500000000006 0.015625
2 0.7093750000000001 0.846875 0.028125 0.028125
