2 0.3171875 0.41875 0.059375000000000004 0.07500000000000001
2 0.030468750000000003 0.3046875 0.0578125 0.13125
2 0.0578125 0.16953125000000002 0.043750000000000004 0.09531250000000001
2 0.017968750000000002 0.15234375 0.0328125 0.08281250000000001
2 0.19453125000000002 0.33359375 0.0140625 0.0140625
2 0.19062500000000002 0.24375000000000002 0.0125 0.0125
2 0.17500000000000002 0.278125 0.0125 0.0125
1 0.65625 0.08750000000000001 0.37812500000000004 0.171875
3 0.35234375 0.83125 0.09843750000000001 0.25625000000000003
2 0.96484375 0.97421875 0.0734375 0.0546875
2 0.9398437500000001 0.8992187500000001 0.1234375 0.11406250000000001
2 0.7796875000000001 0.7671875 0.040625 0.07187500000000001
2 0.72265625 0.7781250000000001 0.0859375 0.05625
2 0.5625 0.7125 0.043750000000000004 0.037500000000000006
2 0.5921875 0.47968750000000004 0.05625 0.037500000000000006
2 0.46328125000000003 0.4703125 0.0578125 0.018750000000000003
2 0.6023437500000001 0.8406250000000001 0.13593750000000002 0.025
