3 0.184375 0.26328125 0.36562500000000003 0.5234375
0 0.81953125 0.33046875000000003 0.3640625 0.5203125000000001
2 0.047656250000000004 0.7039062500000001 0.0421875 0.045312500000000006
2 0.08046875 0.9031250000000001 0.045312500000000006 0.05625
2 0.15078125 0.7367187500000001 0.13593750000000002 0.0546875
2 0.7117187500000001 0.60546875 0.029687500000000002 0.029687500000000002
2 0.80234375 0.63828125 0.026562500000000003 0.026562500000000003
2 0.5632812500000001 0.6703125000000001 0.0421875 0.034375
2 0.81796875 0.72578125 0.029687500000000002 0.0234375
2 0.8601562500000001 0.83515625 0.0671875 0.0765625
