0 0.26640625 0.27578125000000003 0.5296875 0.5484375
2 0.5875 0.2484375 0.059375000000000004 0.0625
2 0.57421875 0.15859375 0.029687500000000002 0.0390625
2 0.54140625 0.16171875000000002 0.0203125 0.0328125
2 0.67109375 0.18828125 0.026562500000000003 0.029687500000000002
2 0.8 0.1640625 0.043750000000000004 0.046875
2 0.6976562500000001 0.08828125 0.0546875 0.0390625
2 0.64765625 0.08671875000000001 0.0390625 0.0328125
2 0.9070312500000001 0.11015625000000001 0.0234375 0.0671875
2 0.9226562500000001 0.2859375 0.0203125 0.078125
2 0.978125 0.234375 0.025 0.040625
2 0.7835937500000001 0.3359375 0.0578125 0.078125
2 0.75 0.24765625000000002 0.05 0.035937500000000004
2 0.6976562500000001 0.40703125 0.1078125 0.045312500000000006
2 0.9695312500000001 0.38984375000000004 0.06406250000000001 0.1328125
