2 0.41484375 0.057031250000000006 0.0484375 0.0671875
2 0.6062500000000001 0.15859375 0.025 0.026562500000000003
2 0.6921875000000001 0.20390625 0.08750000000000001 0.09843750000000001
2 0.7937500000000001 0.15390625000000002 0.046875 0.060937500000000006
2 0.509375 0.41875 0.040625 0.043750000000000004
2 0.38671875 0.59140625 0.06406250000000001 0.0546875
2 0.540625 0.6109375 0.043750000000000004 0.053125000000000006
2 0.60859375 0.45234375000000004 0.1296875 0.051562500000000004
2 0.5359375000000001 0.24375000000000002 0.040625 0.037500000000000006
2 0.51484375 0.29921875000000003 0.029687500000000002 0.0390625
2 0.546875 0.7679687500000001 0.034375 0.0546875
2 0.5359375000000001 0.83984375 0.037500000000000006 0.0484375
2 0.47968750000000004 0.83515625 0.065625 0.0671875
