2 0.58203125 0.37265625 0.0140625 0.010937500000000001
2 0.48281250000000003 0.4140625 0.015625 0.015625
2 0.41796875 0.44140625 0.004687500000000001 0.0078125
2 0.453125 0.48046875 0.028125 0.0234375
2 0.47890625000000003 0.465625 0.004687500000000001 0.00625
2 0.3921875 0.546875 0.028125 0.018750000000000003
2 0.43281250000000004 0.56484375 0.037500000000000006 0.0234375
2 0.53046875 0.75546875 0.0078125 0.010937500000000001
2 0.47500000000000003 0.80390625 0.015625 0.010937500000000001
2 0.34453125 0.7828125 0.026562500000000003 0.025
2 0.3484375 0.9031250000000001 0.0125 0.0125
2 0.61640625 0.97265625 0.0171875 0.0171875
