2 0.27109375 0.28125 0.2328125 0.5593750000000001
2 0.465625 0.49843750000000003 0.021875000000000002 0.015625
2 0.7351562500000001 0.40625 0.0859375 0.084375
2 0.77890625 0.34140625 0.0140625 0.0140625
2 0.9015625 0.39453125 0.015625 0.0140625
2 0.9484375 0.51953125 0.10625000000000001 0.08281250000000001
2 0.8695312500000001 0.30000000000000004 0.0421875 0.065625
2 0.98984375 0.21953125 0.0234375 0.1015625
2 0.9609375 0.08750000000000001 0.025 0.018750000000000003
2 0.675 0.1921875 0.03125 0.021875000000000002
2 0.6609375000000001 0.13515625 0.021875000000000002 0.0328125
2 0.775 0.06406250000000001 0.03125 0.028125
2 0.828125 0.01015625 0.015625 0.0171875
2 0.1796875 0.6578125 0.040625 0.059375000000000004
2 0.2171875 0.734375 0.034375 0.05
2 0.22109375 0.8148437500000001 0.0234375 0.029687500000000002
2 0.42031250000000003 0.71015625 0.021875000000000002 0.026562500000000003
2 0.07890625000000001 0.6828125 0.035937500000000004 0.028125
2 0.013281250000000001 0.6515625 0.0234375 0.015625
2 0.8562500000000001 0.6195312500000001 0.290625 0.1171875
