2 0.21640625000000002 0.3796875 0.045312500000000006 0.028125
2 0.42500000000000004 0.4765625 0.05 0.034375
2 0.75703125 0.06796875000000001 0.0703125 0.0671875
2 0.91328125 0.48281250000000003 0.0484375 0.034375
2 0.9906250000000001 0.41484375 0.021875000000000002 0.0421875
2 0.9968750000000001 0.51953125 0.009375000000000001 0.026562500000000003
2 0.9968750000000001 0.14765625000000002 0.009375000000000001 0.0171875
2 0.2546875 0.9375 0.21250000000000002 0.12812500000000002
2 0.52109375 0.8265625000000001 0.0234375 0.025
2 0.5921875 0.56640625 0.021875000000000002 0.029687500000000002
2 0.59765625 0.6664062500000001 0.0171875 0.026562500000000003
2 0.7468750000000001 0.890625 0.07187500000000001 0.07500000000000001
