2 0.22187500000000002 0.23828125 0.39375000000000004 0.27968750000000003
2 0.36484375 0.42734375 0.060937500000000006 0.07968750000000001
2 0.48515625 0.21640625000000002 0.0328125 0.060937500000000006
2 0.8343750000000001 0.08046875 0.040625 0.035937500000000004
2 0.9343750000000001 0.032031250000000004 0.034375 0.029687500000000002
2 0.9703125 0.03359375 0.037500000000000006 0.035937500000000004
2 0.77734375 0.11171875 0.010937500000000001 0.010937500000000001
2 0.9796875 0.54140625 0.018750000000000003 0.0203125
2 0.98046875 0.55390625 0.0078125 0.004687500000000001
2 0.984375 0.42109375000000004 0.03125 0.035937500000000004
2 0.8148437500000001 0.421875 0.0546875 0.078125
2 0.6625000000000001 0.46015625000000004 0.018750000000000003 0.0078125
2 0.83125 0.51328125 0.034375 0.0421875
2 0.9171875 0.540625 0.015625 0.0125
2 0.9476562500000001 0.53046875 0.010937500000000001 0.0078125
2 0.9437500000000001 0.53828125 0.009375000000000001 0.004687500000000001
3 0.328125 0.7914062500000001 0.3375 0.42031250000000003
1 0.8015625000000001 0.71015625 0.4 0.2578125
1 0.87421875 0.93125 0.2546875 0.140625
