2 0.21796875000000002 0.55625 0.2734375 0.109375
2 0.04296875 0.37734375000000003 0.08281250000000001 0.09531250000000001
2 0.1203125 0.10546875 0.171875 0.1328125
2 0.30781250000000004 0.34609375000000003 0.125 0.2921875
2 0.8515625 0.08750000000000001 0.037500000000000006 0.025
2 0.49062500000000003 0.0703125 0.021875000000000002 0.021875000000000002
2 0.853125 0.19687500000000002 0.059375000000000004 0.09375
2 0.83359375 0.28046875 0.0890625 0.0546875
2 0.76328125 0.321875 0.035937500000000004 0.018750000000000003
2 0.7546875000000001 0.340625 0.05 0.0125
2 0.38515625000000003 0.2078125 0.0234375 0.03125
2 0.5554687500000001 0.3765625 0.0703125 0.046875
2 0.6179687500000001 0.42031250000000003 0.045312500000000006 0.018750000000000003
2 0.5437500000000001 0.44453125000000004 0.1 0.029687500000000002
2 0.68515625 0.6000000000000001 0.0234375 0.021875000000000002
2 0.5046875000000001 0.5671875000000001 0.06875 0.08750000000000001
2 0.53125 0.5671875000000001 0.053125000000000006 0.08750000000000001
2 0.56640625 0.5632812500000001 0.0734375 0.09531250000000001
2 0.37734375000000003 0.039843750000000004 0.0140625 0.0328125
1 0.06171875 0.8445312500000001 0.1203125 0.3140625
2 0.8234375 0.9609375 0.046875 0.037500000000000006
2 0.83125 0.6781250000000001 0.043750000000000004 0.034375
