2 0.2328125 0.096875 0.040625 0.043750000000000004
2 0.33046875000000003 0.15546875000000002 0.026562500000000003 0.026562500000000003
2 0.42421875000000003 0.25625000000000003 0.035937500000000004 0.059375000000000004
2 0.54296875 0.17421875 0.029687500000000002 0.060937500000000006
2 0.43359375 0.32265625000000003 0.026562500000000003 0.0390625
2 0.47109375000000003 0.31875000000000003 0.0421875 0.043750000000000004
2 0.45546875000000003 0.27578125000000003 0.0171875 0.035937500000000004
2 0.51484375 0.29609375 0.035937500000000004 0.09843750000000001
2 0.3765625 0.6546875000000001 0.09062500000000001 0.046875
2 0.48671875000000003 0.49062500000000003 0.0171875 0.025
2 0.55 0.359375 0.043750000000000004 0.046875
2 0.7367187500000001 0.5859375 0.035937500000000004 0.025
2 0.775 0.59296875 0.015625 0.0203125
2 0.8054687500000001 0.56015625 0.051562500000000004 0.0171875
2 0.64765625 0.6265625 0.035937500000000004 0.034375
2 0.66953125 0.60703125 0.0234375 0.0203125
2 0.6312500000000001 0.59609375 0.015625 0.0234375
2 0.65625 0.58125 0.0125 0.025
2 0.6960937500000001 0.70625 0.1234375 0.053125000000000006
2 0.7992187500000001 0.8359375 0.1546875 0.10625000000000001
