2 0.253125 0.065625 0.059375000000000004 0.07500000000000001
0 0.71640625 0.3140625 0.4296875 0.3125
3 0.115625 0.7953125000000001 0.084375 0.134375
3 0.1453125 0.5984375000000001 0.053125000000000006 0.1125
3 0.19062500000000002 0.4890625 0.043750000000000004 0.037500000000000006
3 0.39375000000000004 0.55703125 0.15937500000000002 0.17343750000000002
2 0.68515625 0.49765625 0.1453125 0.0546875
2 0.66171875 0.5953125 0.1390625 0.12187500000000001
2 0.61328125 0.665625 0.0765625 0.15625
2 0.5203125000000001 0.71015625 0.037500000000000006 0.2703125
