1 0.39687500000000003 0.26640625 0.12812500000000002 0.5296875
0 0.7820312500000001 0.31875000000000003 0.4390625 0.42500000000000004
2 0.013281250000000001 0.890625 0.0234375 0.171875
2 0.14921875 0.89765625 0.17343750000000002 0.2078125
2 0.28359375000000003 0.8140625 0.08281250000000001 0.07187500000000001
2 0.35078125000000004 0.8375 0.045312500000000006 0.043750000000000004
2 0.23593750000000002 0.68671875 0.09375 0.1390625
2 0.1078125 0.63828125 0.17500000000000002 0.21406250000000002
2 0.36875 0.6890625 0.037500000000000006 0.15937500000000002
2 0.29375 0.64375 0.1 0.225
2 0.6125 0.9281250000000001 0.015625 0.0125
2 0.72265625 0.88203125 0.0171875 0.0171875
2 0.7937500000000001 0.853125 0.00625 0.009375000000000001
2 0.7562500000000001 0.80859375 0.03125 0.026562500000000003
2 0.7265625 0.8250000000000001 0.00625 0.00625
2 0.8226562500000001 0.7351562500000001 0.0328125 0.0203125
2 0.77890625 0.71484375 0.0421875 0.026562500000000003
