2 0.3328125 0.13593750000000002 0.034375 0.03125
2 0.5375 0.1015625 0.046875 0.040625
2 0.5359375000000001 0.20625000000000002 0.05 0.040625
2 0.7820312500000001 0.041406250000000006 0.0859375 0.0671875
2 0.8765625 0.014843750000000001 0.08750000000000001 0.026562500000000003
2 0.81015625 0.1203125 0.1296875 0.109375
2 0.9710937500000001 0.2484375 0.0390625 0.06875
2 0.9921875 0.23671875 0.018750000000000003 0.0546875
2 0.35781250000000003 0.9750000000000001 0.018750000000000003 0.053125000000000006
2 0.48828125 0.9398437500000001 0.0546875 0.0734375
2 0.55390625 0.87265625 0.0734375 0.0421875
2 0.29765625 0.59921875 0.060937500000000006 0.0671875
2 0.38515625000000003 0.59765625 0.0546875 0.035937500000000004
2 0.35546875 0.553125 0.045312500000000006 0.07187500000000001
2 0.27890625 0.8875000000000001 0.1296875 0.125
2 0.10703125000000001 0.9867187500000001 0.0484375 0.029687500000000002
1 0.78125 0.67109375 0.38125000000000003 0.6609375000000001
