0 0.16718750000000002 0.26640625 0.33125000000000004 0.5296875
0 0.27968750000000003 0.47890625000000003 0.21875 0.1046875
1 0.53125 0.36953125000000003 0.22187500000000002 0.32343750000000004
1 0.8500000000000001 0.38125000000000003 0.24375000000000002 0.30000000000000004
1 0.7835937500000001 0.1125 0.43593750000000003 0.22187500000000002
1 0.2109375 0.7664062500000001 0.41875 0.4703125
2 0.47890625000000003 0.7125 0.035937500000000004 0.018750000000000003
2 0.5578125 0.7781250000000001 0.025 0.018750000000000003
2 0.99140625 0.790625 0.0203125 0.025
2 0.9632812500000001 0.784375 0.0546875 0.03125
2 0.9500000000000001 0.7734375 0.028125 0.0125
2 0.7703125000000001 0.9875 0.040625 0.028125
2 0.79453125 0.9851562500000001 0.035937500000000004 0.0328125
2 0.7132812500000001 0.9929687500000001 0.06406250000000001 0.0171875
2 0.634375 0.9968750000000001 0.043750000000000004 0.009375000000000001
2 0.6515625 0.96484375 0.053125000000000006 0.026562500000000003
2 0.56640625 0.9851562500000001 0.0703125 0.0328125
2 0.59375 0.9875 0.034375 0.028125
2 0.59765625 0.9539062500000001 0.0390625 0.0203125
2 0.96875 0.58125 0.065625 0.025
