2 0.41250000000000003 0.2546875 0.03125 0.025
2 0.44296875 0.30078125 0.0484375 0.0328125
2 0.42734375 0.22734375 0.0203125 0.0140625
2 0.5125000000000001 0.321875 0.053125000000000006 0.03125
2 0.453125 0.4421875 0.03125 0.03125
2 0.35078125000000004 0.5859375 0.06406250000000001 0.053125000000000006
2 0.596875 0.3953125 0.08125 0.065625
2 0.5476562500000001 0.41718750000000004 0.1078125 0.07187500000000001
2 0.453125 0.5359375000000001 0.028125 0.03125
2 0.49375 0.5265625 0.028125 0.040625
2 0.52109375 0.5750000000000001 0.035937500000000004 0.040625
2 0.55390625 0.62265625 0.0203125 0.029687500000000002
2 0.27578125000000003 0.76328125 0.0234375 0.010937500000000001
2 0.27265625 0.74765625 0.0203125 0.0140625
2 0.33906250000000004 0.7914062500000001 0.018750000000000003 0.026562500000000003
2 0.35859375000000004 0.8148437500000001 0.010937500000000001 0.0140625
2 0.32656250000000003 0.8187500000000001 0.028125 0.018750000000000003
2 0.31875000000000003 0.84140625 0.00625 0.010937500000000001
