2 0.59765625 0.44765625000000003 0.17343750000000002 0.18906250000000002
2 0.41953125 0.0625 0.2015625 0.12187500000000001
2 0.7296875 0.08828125 0.16562500000000002 0.1296875
2 0.8484375000000001 0.18828125 0.03125 0.0328125
2 0.8515625 0.46328125000000003 0.05 0.060937500000000006
2 0.5734375 0.6671875 0.037500000000000006 0.028125
2 0.640625 0.65625 0.040625 0.040625
2 0.7523437500000001 0.67578125 0.0234375 0.0390625
2 0.7140625 0.65234375 0.025 0.035937500000000004
2 0.67890625 0.61640625 0.0140625 0.0203125
2 0.6023437500000001 0.81953125 0.026562500000000003 0.029687500000000002
2 0.6125 0.8703125 0.028125 0.053125000000000006
2 0.6960937500000001 0.8828125 0.0203125 0.025
2 0.278125 0.74609375 0.025 0.029687500000000002
2 0.31015625 0.67578125 0.0734375 0.060937500000000006
2 0.38359375 0.5546875 0.2234375 0.11875000000000001
2 0.46484375 0.46718750000000003 0.0421875 0.046875
2 0.38203125000000004 0.4765625 0.0421875 0.025
2 0.46718750000000003 0.41875 0.028125 0.03125
2 0.38671875 0.4 0.11093750000000001 0.109375
2 0.4734375 0.38125000000000003 0.015625 0.015625
