2 0.3671875 0.2171875 0.03125 0.037500000000000006
2 0.3953125 0.25234375000000003 0.040625 0.035937500000000004
2 0.5984375000000001 0.35703125 0.06875 0.0484375
2 0.4546875 0.40078125000000003 0.16875 0.0390625
2 0.38515625000000003 0.66328125 0.1203125 0.1296875
2 0.56484375 0.61484375 0.11406250000000001 0.21406250000000002
2 0.59609375 0.52734375 0.051562500000000004 0.0703125
2 0.6375000000000001 0.421875 0.046875 0.078125
2 0.6921875000000001 0.6429687500000001 0.021875000000000002 0.035937500000000004
2 0.7000000000000001 0.7140625 0.115625 0.184375
2 0.51796875 0.7351562500000001 0.08281250000000001 0.2734375
2 0.46953125 0.74609375 0.0484375 0.1453125
