0 0.29609375 0.34609375000000003 0.38906250000000003 0.6890625
2 0.7718750000000001 0.6531250000000001 0.05 0.021875000000000002
2 0.9078125 0.42265625 0.1875 0.2421875
2 0.2734375 0.8078125 0.23750000000000002 0.115625
2 0.08203125 0.9695312500000001 0.15781250000000002 0.06406250000000001
2 0.025 0.80859375 0.046875 0.23593750000000002
1 0.6117187500000001 0.8695312500000001 0.2421875 0.26406250000000003
1 0.8718750000000001 0.8296875 0.09375 0.134375
1 0.7421875 0.9328125 0.037500000000000006 0.059375000000000004
1 0.6507812500000001 0.7578125 0.3203125 0.134375
