2 0.16562500000000002 0.30546875 0.09375 0.17343750000000002
2 0.0203125 0.49296875 0.037500000000000006 0.035937500000000004
2 0.14453125 0.48984375 0.0890625 0.051562500000000004
2 0.296875 0.4859375 0.08750000000000001 0.07187500000000001
2 0.11640625 0.5546875 0.2109375 0.07187500000000001
2 0.21484375 0.58125 0.051562500000000004 0.018750000000000003
2 0.33828125000000003 0.5593750000000001 0.0859375 0.0625
3 0.659375 0.29531250000000003 0.35000000000000003 0.46875
3 0.48125 0.05625 0.003125 0.00625
1 0.12265625000000001 0.79609375 0.2421875 0.4109375
0 0.66015625 0.79609375 0.5578125 0.4109375
