2 0.1125 0.1171875 0.025 0.025
2 0.18359375 0.10546875 0.0078125 0.010937500000000001
2 0.16718750000000002 0.32656250000000003 0.028125 0.015625
2 0.24531250000000002 0.2921875 0.009375000000000001 0.021875000000000002
2 0.296875 0.25 0.025 0.015625
2 0.30625 0.2859375 0.025 0.021875000000000002
2 0.35468750000000004 0.353125 0.028125 0.018750000000000003
2 0.28125 0.29375 0.03125 0.018750000000000003
2 0.2421875 0.25 0.009375000000000001 0.0125
2 0.1765625 0.30312500000000003 0.009375000000000001 0.0125
2 0.1328125 0.3296875 0.009375000000000001 0.009375000000000001
2 0.178125 0.4390625 0.00625 0.009375000000000001
2 0.1265625 0.5109375 0.0125 0.015625
2 0.13828125 0.4921875 0.026562500000000003 0.018750000000000003
2 0.246875 0.4859375 0.00625 0.009375000000000001
2 0.0859375 0.5578125 0.015625 0.0125
2 0.8851562500000001 0.30234375 0.2328125 0.5359375000000001
0 0.3921875 0.734375 0.278125 0.328125
0 0.721875 0.74140625 0.38125000000000003 0.34218750000000003
