0 0.1953125 0.2765625 0.3875 0.55
2 0.8984375 0.1953125 0.1 0.10625000000000001
2 0.7109375 0.1859375 0.025 0.03125
2 0.30000000000000004 0.8734375000000001 0.08125 0.08125
2 0.03359375 0.8343750000000001 0.06406250000000001 0.09375
2 0.521875 0.9632812500000001 0.08750000000000001 0.0671875
2 0.6179687500000001 0.98828125 0.0890625 0.026562500000000003
2 0.55 0.8835937500000001 0.13125 0.11093750000000001
2 0.71484375 0.7515625 0.0390625 0.06875
2 0.76875 0.76328125 0.084375 0.0546875
2 0.9265625000000001 0.69921875 0.043750000000000004 0.0390625
2 0.88828125 0.8250000000000001 0.1328125 0.025
