1 0.2765625 0.4296875 0.55 0.515625
2 0.784375 0.17500000000000002 0.24375000000000002 0.11875000000000001
2 0.9500000000000001 0.3828125 0.10312500000000001 0.146875
3 0.34921875 0.8515625 0.40468750000000003 0.30000000000000004
2 0.56171875 0.9625 0.0203125 0.034375
2 0.8382812500000001 0.8296875 0.0390625 0.028125
2 0.64375 0.87265625 0.053125000000000006 0.0578125
2 0.70234375 0.8445312500000001 0.0203125 0.0171875
2 0.76171875 0.78125 0.051562500000000004 0.043750000000000004
2 0.7664062500000001 0.815625 0.0171875 0.025
2 0.80859375 0.7890625 0.0234375 0.021875000000000002
2 0.7992187500000001 0.7625000000000001 0.010937500000000001 0.018750000000000003
2 0.65546875 0.7421875 0.0921875 0.08125
2 0.58046875 0.72265625 0.0140625 0.026562500000000003
2 0.62109375 0.9046875000000001 0.0765625 0.053125000000000006
2 0.659375 0.9500000000000001 0.021875000000000002 0.015625
2 0.74921875 0.9812500000000001 0.035937500000000004 0.018750000000000003
2 0.65234375 0.97421875 0.045312500000000006 0.035937500000000004
2 0.7445312500000001 0.7265625 0.0578125 0.05
2 0.88984375 0.7078125000000001 0.0328125 0.0125
2 0.91328125 0.72578125 0.0328125 0.0140625
2 0.878125 0.96015625 0.018750000000000003 0.0140625
