2 0.6429687500000001 0.18906250000000002 0.0171875 0.018750000000000003
2 0.6429687500000001 0.17734375000000002 0.0078125 0.004687500000000001
2 0.63828125 0.30078125 0.029687500000000002 0.0328125
2 0.79453125 0.296875 0.051562500000000004 0.07187500000000001
2 0.93515625 0.26328125 0.0171875 0.0078125
2 0.7781250000000001 0.21484375 0.03125 0.0390625
2 0.70078125 0.18984375 0.0140625 0.010937500000000001
2 0.6726562500000001 0.19843750000000002 0.010937500000000001 0.00625
2 0.67578125 0.19296875000000002 0.0078125 0.004687500000000001
2 0.8 0.7109375 0.015625 0.018750000000000003
2 0.7734375 0.734375 0.025 0.07187500000000001
2 0.8390625 0.6703125000000001 0.053125000000000006 0.06875
2 0.878125 0.8984375 0.015625 0.021875000000000002
