2 0.7484375000000001 0.234375 0.16875 0.178125
2 0.7734375 0.07109375 0.0125 0.0171875
2 0.65390625 0.0203125 0.2265625 0.037500000000000006
2 0.6921875000000001 0.04296875 0.140625 0.08281250000000001
2 0.07421875 0.940625 0.0890625 0.12187500000000001
2 0.15781250000000002 0.9554687500000001 0.10625000000000001 0.0921875
2 0.1703125 0.8992187500000001 0.078125 0.09843750000000001
2 0.27734375 0.9281250000000001 0.09843750000000001 0.09375
2 0.33515625000000004 0.8875000000000001 0.1484375 0.06875
2 0.5125000000000001 0.8015625000000001 0.05625 0.15937500000000002
2 0.32343750000000004 0.721875 0.18125000000000002 0.22187500000000002
2 0.12421875 0.79453125 0.051562500000000004 0.0546875
2 0.13046875 0.74765625 0.0234375 0.0328125
2 0.7515625 0.63671875 0.421875 0.2921875
