2 0.15546875000000002 0.34375 0.0328125 0.043750000000000004
2 0.22812500000000002 0.21953125 0.021875000000000002 0.0203125
2 0.2109375 0.27187500000000003 0.021875000000000002 0.028125
2 0.23125 0.253125 0.015625 0.021875000000000002
2 0.1203125 0.21796875000000002 0.021875000000000002 0.0171875
2 0.09843750000000001 0.26406250000000003 0.015625 0.025
2 0.1125 0.27968750000000003 0.018750000000000003 0.025
2 0.04296875 0.028125 0.08281250000000001 0.028125
2 0.3203125 0.02421875 0.1125 0.045312500000000006
2 0.946875 0.010937500000000001 0.06875 0.018750000000000003
2 0.95859375 0.11093750000000001 0.0859375 0.13125
2 0.5671875000000001 0.2078125 0.0125 0.018750000000000003
3 0.19843750000000002 0.76484375 0.39375000000000004 0.4734375
2 0.57421875 0.9015625 0.029687500000000002 0.046875
2 0.7156250000000001 0.9070312500000001 0.215625 0.18906250000000002
