2 0.5007812500000001 0.6039062500000001 0.08281250000000001 0.1296875
2 0.40156250000000004 0.565625 0.11875000000000001 0.12812500000000002
2 0.44296875 0.36562500000000003 0.3359375 0.1875
2 0.30078125 0.36328125 0.051562500000000004 0.0328125
2 0.22968750000000002 0.3203125 0.03125 0.028125
2 0.25703125 0.3484375 0.0578125 0.046875
1 0.80625 0.25 0.390625 0.41250000000000003
1 0.8093750000000001 0.55859375 0.384375 0.2734375
1 0.6570312500000001 0.0921875 0.0921875 0.18125000000000002
1 0.30625 0.90546875 0.609375 0.1921875
1 0.703125 0.8828125 0.184375 0.23750000000000002
1 0.82734375 0.78515625 0.1796875 0.1078125
