1 0.19843750000000002 0.24140625000000002 0.16562500000000002 0.47968750000000004
3 0.58515625 0.1546875 0.4609375 0.30625
2 0.03359375 0.9593750000000001 0.06406250000000001 0.084375
2 0.19843750000000002 0.853125 0.16562500000000002 0.134375
2 0.08750000000000001 0.7328125000000001 0.125 0.1625
2 0.5546875 0.859375 0.034375 0.040625
2 0.5867187500000001 0.82421875 0.045312500000000006 0.0390625
2 0.81171875 0.70703125 0.0765625 0.0546875
2 0.6515625 0.6578125 0.1875 0.043750000000000004
2 0.77109375 0.51015625 0.1265625 0.0578125
2 0.8054687500000001 0.51875 0.0578125 0.07500000000000001
2 0.8546875 0.6328125 0.053125000000000006 0.08750000000000001
