1 0.38671875 0.34140625 0.3671875 0.6796875
2 0.80078125 0.2671875 0.035937500000000004 0.018750000000000003
2 0.8265625000000001 0.275 0.021875000000000002 0.018750000000000003
2 0.75 0.32109375 0.08125 0.0734375
2 0.62890625 0.31562500000000004 0.0203125 0.0125
2 0.6109375 0.43281250000000004 0.00625 0.0125
2 0.63203125 0.4078125 0.0171875 0.0125
2 0.78046875 0.65625 0.0234375 0.025
2 0.6312500000000001 0.6515625 0.018750000000000003 0.03125
0 0.19453125000000002 0.84140625 0.38593750000000004 0.3203125
0 0.46406250000000004 0.89375 0.08125 0.215625
