2 0.4078125 0.28828125 0.025 0.0234375
2 0.47734375 0.27734375 0.0078125 0.010937500000000001
2 0.4609375 0.4921875 0.028125 0.015625
2 0.5375 0.45937500000000003 0.009375000000000001 0.021875000000000002
2 0.5875 0.41718750000000004 0.025 0.015625
2 0.596875 0.453125 0.021875000000000002 0.018750000000000003
2 0.64609375 0.51953125 0.029687500000000002 0.0171875
2 0.57265625 0.46171875 0.0328125 0.0171875
2 0.534375 0.41796875 0.009375000000000001 0.010937500000000001
2 0.4703125 0.47109375000000003 0.009375000000000001 0.010937500000000001
2 0.4265625 0.496875 0.009375000000000001 0.009375000000000001
2 0.47187500000000004 0.6015625 0.00625 0.009375000000000001
2 0.42031250000000003 0.6734375 0.0125 0.015625
2 0.43281250000000004 0.6546875000000001 0.025 0.018750000000000003
2 0.5390625 0.6507812500000001 0.00625 0.0078125
2 0.38359375 0.7203125 0.0171875 0.0125
2 0.36328125 0.78671875 0.026562500000000003 0.0203125
2 0.5125000000000001 0.8109375000000001 0.015625 0.015625
2 0.5046875000000001 0.8421875000000001 0.0125 0.0125
2 0.49140625000000004 0.9304687500000001 0.0203125 0.0203125
2 0.509375 0.95625 0.021875000000000002 0.043750000000000004
2 0.525 0.9609375 0.009375000000000001 0.0125
2 0.5710937500000001 0.8835937500000001 0.0203125 0.0203125
2 0.54453125 0.9359375000000001 0.0078125 0.009375000000000001
2 0.5437500000000001 0.9710937500000001 0.0125 0.0234375
2 0.55390625 0.984375 0.0140625 0.0125
2 0.5375 0.84921875 0.00625 0.0078125
2 0.53828125 0.8265625000000001 0.010937500000000001 0.015625
2 0.55234375 0.81640625 0.0171875 0.0203125
2 0.584375 0.8562500000000001 0.00625 0.0125
2 0.5921875 0.8953125000000001 0.00625 0.009375000000000001
