2 0.22187500000000002 0.184375 0.05625 0.078125
2 0.1875 0.384375 0.07500000000000001 0.0625
2 0.18125000000000002 0.321875 0.046875 0.037500000000000006
2 0.13671875 0.43359375 0.051562500000000004 0.0546875
2 0.39921875 0.36796875 0.0234375 0.18281250000000002
1 0.71484375 0.23125 0.5734375 0.45937500000000003
1 0.78671875 0.7351562500000001 0.4296875 0.5328125
1 0.4421875 0.5671875000000001 0.0625 0.14375000000000002
1 0.5609375 0.675 0.040625 0.0625
1 0.66328125 0.51171875 0.35468750000000004 0.1015625
