2 0.6296875000000001 0.5484375 0.14375000000000002 0.11875000000000001
2 0.82578125 0.6890625 0.08281250000000001 0.05
2 0.7890625 0.71796875 0.0125 0.0234375
2 0.9031250000000001 0.6351562500000001 0.021875000000000002 0.0421875
2 0.6062500000000001 0.41953125 0.1375 0.1203125
2 0.55859375 0.35000000000000003 0.0765625 0.153125
2 0.4078125 0.30625 0.15625 0.265625
2 0.28984375 0.41953125 0.0734375 0.06406250000000001
2 0.22812500000000002 0.39921875 0.040625 0.0390625
2 0.3296875 0.5359375000000001 0.084375 0.125
2 0.44765625000000003 0.5867187500000001 0.15781250000000002 0.2109375
2 0.2109375 0.5328125 0.034375 0.14375000000000002
2 0.278125 0.59609375 0.09062500000000001 0.2484375
