1 0.12109375 0.38359375 0.2390625 0.26406250000000003
3 0.79453125 0.16171875000000002 0.3140625 0.3203125
3 0.5765625 0.02421875 0.065625 0.045312500000000006
2 0.5984375000000001 0.7796875000000001 0.03125 0.034375
2 0.6390625000000001 0.7421875 0.09062500000000001 0.08750000000000001
2 0.8835937500000001 0.6976562500000001 0.23593750000000002 0.09843750000000001
2 0.2984375 0.52890625 0.040625 0.0171875
2 0.43671875000000004 0.56015625 0.1609375 0.07968750000000001
2 0.45390625 0.5703125 0.029687500000000002 0.028125
2 0.47265625 0.53671875 0.0328125 0.0328125
