2 0.60546875 0.38906250000000003 0.15156250000000002 0.040625
2 0.603125 0.43828125 0.10625000000000001 0.0484375
2 0.6125 0.4765625 0.040625 0.021875000000000002
2 0.6492187500000001 0.5320312500000001 0.0578125 0.0546875
2 0.15546875000000002 0.2859375 0.0546875 0.0625
2 0.14140625 0.22968750000000002 0.026562500000000003 0.018750000000000003
2 0.21875 0.240625 0.084375 0.07500000000000001
2 0.2625 0.253125 0.05625 0.0625
2 0.2765625 0.36796875 0.140625 0.1421875
2 0.33437500000000003 0.46953125 0.115625 0.1328125
2 0.34296875000000004 0.6265625 0.1421875 0.171875
2 0.38984375000000004 0.7117187500000001 0.11093750000000001 0.0921875
2 0.41718750000000004 0.8078125 0.084375 0.21875
2 0.58828125 0.83359375 0.0703125 0.1046875
2 0.546875 0.70234375 0.1375 0.1484375
2 0.5578125 0.59609375 0.10625000000000001 0.0859375
2 0.5007812500000001 0.4703125 0.0484375 0.043750000000000004
2 0.49531250000000004 0.3984375 0.025 0.03125
2 0.521875 0.32109375 0.10625000000000001 0.0546875
