1 0.1796875 0.38125000000000003 0.35625 0.759375
2 0.7046875 0.2515625 0.328125 0.5
2 0.628125 0.7039062500000001 0.146875 0.11406250000000001
3 0.35234375 0.8812500000000001 0.3765625 0.240625
2 0.71484375 0.85703125 0.035937500000000004 0.035937500000000004
2 0.8296875 0.9945312500000001 0.07187500000000001 0.0140625
2 0.5703125 0.80234375 0.059375000000000004 0.0734375
2 0.6117187500000001 0.8289062500000001 0.1203125 0.07968750000000001
2 0.7156250000000001 0.9593750000000001 0.03125 0.034375
2 0.67109375 0.95078125 0.0328125 0.045312500000000006
2 0.640625 0.9906250000000001 0.040625 0.021875000000000002
