2 0.19765625 0.029687500000000002 0.0390625 0.05625
2 0.22968750000000002 0.09062500000000001 0.037500000000000006 0.05
2 0.19687500000000002 0.13125 0.05 0.05625
2 0.31562500000000004 0.11093750000000001 0.053125000000000006 0.06875
2 0.24296875 0.19375 0.051562500000000004 0.040625
2 0.2234375 0.3140625 0.040625 0.05
2 0.2625 0.3953125 0.14375000000000002 0.1125
2 0.41796875 0.50625 0.045312500000000006 0.12812500000000002
3 0.6726562500000001 0.2859375 0.46406250000000004 0.56875
3 0.27890625 0.7859375000000001 0.32343750000000004 0.43125
2 0.690625 0.946875 0.07500000000000001 0.109375
2 0.6937500000000001 0.8875000000000001 0.08750000000000001 0.115625
2 0.5703125 0.7328125000000001 0.078125 0.06875
2 0.675 0.7406250000000001 0.06875 0.1
2 0.75390625 0.72421875 0.035937500000000004 0.0390625
2 0.7406250000000001 0.609375 0.05625 0.059375000000000004
