2 0.26640625 0.35625 0.051562500000000004 0.09062500000000001
2 0.27187500000000003 0.45937500000000003 0.018750000000000003 0.021875000000000002
2 0.30781250000000004 0.47890625000000003 0.025 0.029687500000000002
2 0.33906250000000004 0.47421875 0.059375000000000004 0.0671875
2 0.33828125000000003 0.534375 0.0328125 0.043750000000000004
2 0.4265625 0.56015625 0.06875 0.0671875
2 0.446875 0.52890625 0.040625 0.035937500000000004
2 0.503125 0.5632812500000001 0.078125 0.0578125
2 0.55703125 0.32421875 0.029687500000000002 0.029687500000000002
2 0.6117187500000001 0.34375 0.0234375 0.015625
2 0.68359375 0.34296875000000004 0.029687500000000002 0.0171875
2 0.7937500000000001 0.2578125 0.040625 0.037500000000000006
2 0.8171875000000001 0.2703125 0.021875000000000002 0.0125
2 0.7781250000000001 0.28750000000000003 0.028125 0.018750000000000003
2 0.8140625 0.33359375 0.025 0.0203125
2 0.89453125 0.33984375 0.0203125 0.010937500000000001
2 0.9578125000000001 0.33437500000000003 0.018750000000000003 0.0125
2 0.9750000000000001 0.23515625 0.0125 0.0140625
2 0.9984375000000001 0.2515625 0.00625 0.015625
