1 0.0859375 0.19765625 0.16875 0.3921875
1 0.35390625000000003 0.35859375000000004 0.1546875 0.1640625
2 0.8296875 0.2546875 0.34375 0.371875
1 0.40234375 0.6359375 0.2984375 0.390625
2 0.8695312500000001 0.8234375 0.06406250000000001 0.053125000000000006
2 0.8640625000000001 0.72578125 0.08125 0.0890625
2 0.9656250000000001 0.6203125 0.07187500000000001 0.12812500000000002
2 0.8226562500000001 0.6351562500000001 0.051562500000000004 0.0578125
2 0.8765625 0.5242187500000001 0.043750000000000004 0.0234375
2 0.6171875 0.97265625 0.13125 0.0578125
