1 0.17500000000000002 0.23593750000000002 0.34687500000000004 0.46875
3 0.828125 0.3515625 0.34687500000000004 0.23750000000000002
2 0.2546875 0.78125 0.03125 0.040625
2 0.18671875000000002 0.665625 0.0203125 0.018750000000000003
2 0.203125 0.71484375 0.018750000000000003 0.026562500000000003
2 0.18515625000000002 0.69921875 0.0140625 0.0203125
2 0.2859375 0.665625 0.018750000000000003 0.015625
2 0.30703125000000003 0.7078125000000001 0.0140625 0.021875000000000002
2 0.29375 0.721875 0.015625 0.021875000000000002
2 0.37265625 0.49062500000000003 0.1046875 0.025
2 0.10234375000000001 0.4890625 0.1046875 0.037500000000000006
1 0.71484375 0.70859375 0.5671875000000001 0.3453125
