1 0.24140625000000002 0.37265625 0.47968750000000004 0.41718750000000004
2 0.50546875 0.16718750000000002 0.0484375 0.08125
2 0.6203125 0.16328125000000002 0.021875000000000002 0.0140625
2 0.63984375 0.29453125 0.0078125 0.0140625
2 0.6171875 0.265625 0.018750000000000003 0.015625
2 0.6179687500000001 0.5390625 0.0203125 0.034375
2 0.6203125 0.57734375 0.021875000000000002 0.0078125
2 0.80078125 0.5632812500000001 0.0578125 0.035937500000000004
2 0.86640625 0.56484375 0.035937500000000004 0.026562500000000003
0 0.13203125000000002 0.7390625000000001 0.2609375 0.31562500000000004
2 0.9125000000000001 0.9796875 0.03125 0.040625
2 0.79453125 0.6843750000000001 0.0703125 0.065625
2 0.76171875 0.6203125 0.1078125 0.065625
2 0.915625 0.6109375 0.171875 0.059375000000000004
2 0.91015625 0.66796875 0.1078125 0.0421875
