2 0.37578125 0.11875000000000001 0.029687500000000002 0.021875000000000002
2 0.41250000000000003 0.1078125 0.00625 0.00625
2 0.32890625 0.0921875 0.035937500000000004 0.03125
2 0.3328125 0.1171875 0.0125 0.0125
2 0.31328125 0.05234375 0.0140625 0.0234375
2 0.253125 0.209375 0.021875000000000002 0.021875000000000002
2 0.26875 0.1875 0.015625 0.0125
2 0.29296875 0.19453125000000002 0.010937500000000001 0.0078125
2 0.1609375 0.1859375 0.025 0.021875000000000002
2 0.234375 0.1203125 0.009375000000000001 0.009375000000000001
2 0.2515625 0.05625 0.00625 0.009375000000000001
2 0.184375 0.02421875 0.009375000000000001 0.0078125
1 0.625 0.2609375 0.3125 0.51875
2 0.23515625 0.5750000000000001 0.2578125 0.109375
2 0.14453125 0.5890625 0.1765625 0.1375
2 0.0125 0.70234375 0.021875000000000002 0.0734375
1 0.7109375 0.6781250000000001 0.58125 0.31562500000000004
