2 0.45234375000000004 0.018750000000000003 0.0484375 0.034375
2 0.403125 0.021875000000000002 0.040625 0.040625
2 0.434375 0.2078125 0.018750000000000003 0.028125
2 0.36328125 0.0578125 0.0484375 0.053125000000000006
2 0.15156250000000002 0.3140625 0.040625 0.028125
2 0.10625000000000001 0.321875 0.018750000000000003 0.025
2 0.0734375 0.284375 0.059375000000000004 0.018750000000000003
2 0.2515625 0.36250000000000004 0.040625 0.037500000000000006
2 0.22734375 0.33984375 0.026562500000000003 0.0234375
2 0.2703125 0.32656250000000003 0.015625 0.028125
2 0.24140625000000002 0.309375 0.0140625 0.028125
2 0.19687500000000002 0.45234375000000004 0.140625 0.060937500000000006
3 0.7640625000000001 0.31640625 0.47500000000000003 0.44843750000000004
1 0.24140625000000002 0.815625 0.47968750000000004 0.371875
