1 0.2515625 0.3046875 0.5 0.53125
1 0.7515625 0.33671875 0.5 0.46718750000000003
2 0.2671875 0.86484375 0.025 0.0171875
2 0.253125 0.8484375000000001 0.021875000000000002 0.0125
2 0.29531250000000003 0.83515625 0.021875000000000002 0.0171875
2 0.12578125 0.753125 0.1484375 0.11875000000000001
2 0.07734375 0.6804687500000001 0.004687500000000001 0.0078125
2 0.15000000000000002 0.7289062500000001 0.10312500000000001 0.0890625
2 0.059375000000000004 0.7578125 0.05 0.07500000000000001
2 0.2234375 0.71015625 0.03125 0.026562500000000003
2 0.353125 0.7734375 0.015625 0.009375000000000001
2 0.38984375000000004 0.7507812500000001 0.0328125 0.0140625
2 0.33671875 0.7203125 0.0140625 0.009375000000000001
2 0.3296875 0.70078125 0.009375000000000001 0.010937500000000001
2 0.421875 0.6960937500000001 0.0125 0.0140625
2 0.46015625000000004 0.6687500000000001 0.026562500000000003 0.025
2 0.36640625000000004 0.6546875000000001 0.0328125 0.043750000000000004
2 0.26328125 0.6156250000000001 0.029687500000000002 0.021875000000000002
2 0.1953125 0.6062500000000001 0.0125 0.021875000000000002
2 0.14765625000000002 0.6125 0.026562500000000003 0.028125
1 0.8171875000000001 0.7859375000000001 0.36875 0.43125
