2 0.039843750000000004 0.3609375 0.0421875 0.018750000000000003
2 0.053125000000000006 0.14375000000000002 0.084375 0.115625
2 0.8890625000000001 0.026562500000000003 0.096875 0.040625
2 0.6312500000000001 0.28515625 0.05625 0.06406250000000001
2 0.71640625 0.28750000000000003 0.051562500000000004 0.034375
2 0.6875 0.328125 0.043750000000000004 0.06875
2 0.6140625000000001 0.03671875 0.12187500000000001 0.0703125
1 0.22578125000000002 0.584375 0.22968750000000002 0.1875
1 0.10234375000000001 0.7734375 0.2015625 0.284375
1 0.5890625 0.74609375 0.403125 0.5109375
1 0.82578125 0.6492187500000001 0.2828125 0.3171875
