1 0.13359375 0.34140625 0.2109375 0.6796875
0 0.70625 0.3671875 0.5906250000000001 0.628125
2 0.00703125 0.7046875 0.010937500000000001 0.025
2 0.03125 0.69921875 0.053125000000000006 0.029687500000000002
2 0.04609375 0.6898437500000001 0.026562500000000003 0.010937500000000001
2 0.22109375 0.9015625 0.0390625 0.040625
2 0.19609375 0.8984375 0.035937500000000004 0.037500000000000006
2 0.2734375 0.9140625 0.0625 0.040625
2 0.35234375 0.9203125000000001 0.0421875 0.037500000000000006
2 0.33671875 0.8734375000000001 0.051562500000000004 0.025
2 0.39687500000000003 0.91171875 0.028125 0.0671875
2 0.39140625 0.8953125000000001 0.0328125 0.028125
2 0.38984375000000004 0.8625 0.0390625 0.018750000000000003
