2 0.0234375 0.8523437500000001 0.043750000000000004 0.0484375
2 0.00703125 0.7671875 0.0078125 0.021875000000000002
2 0.36484375 0.50703125 0.045312500000000006 0.035937500000000004
2 0.73359375 0.5625 0.06406250000000001 0.053125000000000006
2 0.7289062500000001 0.659375 0.07968750000000001 0.08750000000000001
2 0.8304687500000001 0.76328125 0.0734375 0.1265625
2 0.6875 0.7484375000000001 0.05 0.05625
2 0.7406250000000001 0.8625 0.043750000000000004 0.028125
2 0.45546875000000003 0.384375 0.18906250000000002 0.11875000000000001
2 0.34140625 0.3515625 0.0859375 0.040625
2 0.21328125 0.3046875 0.2109375 0.1
2 0.1421875 0.27734375 0.1625 0.1328125
2 0.14453125 0.21406250000000002 0.2421875 0.17500000000000002
2 0.043750000000000004 0.40546875000000004 0.07500000000000001 0.0703125
2 0.19140625 0.628125 0.0546875 0.05
