2 0.33906250000000004 0.22890625 0.021875000000000002 0.0203125
2 0.2671875 0.278125 0.025 0.028125
2 0.33046875000000003 0.290625 0.0546875 0.05
0 0.69140625 0.22109375 0.6203125 0.4390625
2 0.1765625 0.58125 0.018750000000000003 0.034375
2 0.36484375 0.94921875 0.0328125 0.051562500000000004
2 0.69453125 0.44921875 0.029687500000000002 0.0171875
2 0.6546875000000001 0.44843750000000004 0.046875 0.015625
2 0.7578125 0.80234375 0.1 0.051562500000000004
2 0.6375000000000001 0.62265625 0.018750000000000003 0.026562500000000003
2 0.56875 0.47890625000000003 0.046875 0.051562500000000004
2 0.46171875 0.7703125000000001 0.0390625 0.037500000000000006
2 0.43828125 0.74921875 0.026562500000000003 0.0234375
2 0.48046875 0.7367187500000001 0.0171875 0.026562500000000003
2 0.45156250000000003 0.7203125 0.0125 0.028125
2 0.42812500000000003 0.85546875 0.09375 0.0578125
