2 0.30078125 0.21015625000000002 0.0328125 0.0328125
2 0.29609375 0.30625 0.045312500000000006 0.034375
0 0.15937500000000002 0.86484375 0.31562500000000004 0.2734375
2 0.87890625 0.7367187500000001 0.060937500000000006 0.0734375
2 0.85078125 0.6703125000000001 0.035937500000000004 0.028125
2 0.7484375000000001 0.759375 0.009375000000000001 0.00625
2 0.77109375 0.74375 0.0171875 0.018750000000000003
2 0.7039062500000001 0.7664062500000001 0.0140625 0.010937500000000001
2 0.7453125 0.80390625 0.025 0.0203125
2 0.75703125 0.8679687500000001 0.0140625 0.0171875
2 0.71875 0.88828125 0.021875000000000002 0.0328125
2 0.5953125 0.6101562500000001 0.028125 0.0203125
