2 0.3203125 0.15703125 0.034375 0.0328125
2 0.3375 0.125 0.015625 0.015625
2 0.35468750000000004 0.36250000000000004 0.0125 0.03125
2 0.309375 0.34921875 0.028125 0.0203125
2 0.24453125 0.14765625000000002 0.0484375 0.051562500000000004
2 0.2234375 0.178125 0.037500000000000006 0.03125
2 0.19375 0.13671875 0.078125 0.07968750000000001
2 0.15625 0.1484375 0.021875000000000002 0.028125
2 0.09062500000000001 0.2 0.12812500000000002 0.115625
2 0.140625 0.184375 0.046875 0.028125
2 0.00625 0.1921875 0.009375000000000001 0.0125
2 0.10625000000000001 0.1234375 0.015625 0.0125
2 0.43125 0.018750000000000003 0.025 0.028125
2 0.6273437500000001 0.01640625 0.029687500000000002 0.029687500000000002
2 0.76328125 0.08281250000000001 0.045312500000000006 0.05625
2 0.6296875000000001 0.0890625 0.15937500000000002 0.0625
2 0.675 0.215625 0.0625 0.046875
2 0.6640625 0.2484375 0.028125 0.018750000000000003
0 0.18125000000000002 0.7664062500000001 0.359375 0.4703125
2 0.8773437500000001 0.55390625 0.0484375 0.045312500000000006
2 0.675 0.58125 0.09375 0.1
2 0.5921875 0.5734375 0.1125 0.084375
2 0.6140625000000001 0.5375 0.05625 0.0125
2 0.42421875000000003 0.6796875 0.1265625 0.13125
2 0.5164062500000001 0.7992187500000001 0.1234375 0.1609375
2 0.625 0.8132812500000001 0.08750000000000001 0.09843750000000001
