2 0.703125 0.6960937500000001 0.053125000000000006 0.0546875
2 0.7156250000000001 0.775 0.025 0.034375
2 0.7523437500000001 0.7703125000000001 0.0328125 0.028125
2 0.7835937500000001 0.81015625 0.0421875 0.0390625
2 0.63203125 0.74921875 0.0234375 0.026562500000000003
2 0.5164062500000001 0.76875 0.0390625 0.040625
2 0.60859375 0.8375 0.0484375 0.034375
2 0.6515625 0.83984375 0.034375 0.029687500000000002
2 0.42031250000000003 0.8187500000000001 0.021875000000000002 0.059375000000000004
2 0.4078125 0.6609375000000001 0.018750000000000003 0.06875
2 0.35625 0.70859375 0.021875000000000002 0.035937500000000004
2 0.53046875 0.6171875 0.051562500000000004 0.06875
2 0.5593750000000001 0.696875 0.043750000000000004 0.03125
2 0.6062500000000001 0.5546875 0.096875 0.040625
2 0.3484375 0.29765625 0.05625 0.06406250000000001
2 0.43359375 0.29375 0.051562500000000004 0.034375
2 0.40468750000000003 0.253125 0.043750000000000004 0.06875
2 0.33125000000000004 0.56875 0.12187500000000001 0.11875000000000001
2 0.17265625 0.665625 0.045312500000000006 0.034375
