2 0.31640625 0.47500000000000003 0.0921875 0.08750000000000001
2 0.23046875 0.46484375 0.06406250000000001 0.11093750000000001
2 0.30703125000000003 0.39921875 0.1265625 0.09531250000000001
2 0.2015625 0.34609375000000003 0.040625 0.0890625
2 0.27421875 0.33125000000000004 0.09843750000000001 0.078125
2 0.34609375000000003 0.16484375 0.0484375 0.1046875
2 0.07500000000000001 0.49843750000000003 0.0125 0.015625
2 0.0765625 0.415625 0.015625 0.0125
2 0.0921875 0.44765625000000003 0.0125 0.010937500000000001
1 0.5906250000000001 0.31093750000000003 0.11875000000000001 0.171875
1 0.6937500000000001 0.290625 0.08125 0.10625000000000001
1 0.640625 0.2015625 0.1 0.08750000000000001
3 0.037500000000000006 0.77109375 0.07187500000000001 0.21406250000000002
3 0.9632812500000001 0.91796875 0.0765625 0.1078125
3 0.8382812500000001 0.6484375 0.32656250000000003 0.25625000000000003
3 0.753125 0.940625 0.171875 0.12187500000000001
3 0.8734375000000001 0.81796875 0.037500000000000006 0.0328125
