3 0.3359375 0.26640625 0.6687500000000001 0.5296875
2 0.421875 0.7757812500000001 0.025 0.026562500000000003
2 0.37812500000000004 0.94296875 0.021875000000000002 0.0234375
2 0.41015625 0.90234375 0.0421875 0.026562500000000003
2 0.25625000000000003 0.7054687500000001 0.0125 0.0078125
2 0.57265625 0.66328125 0.010937500000000001 0.0140625
2 0.20625000000000002 0.7914062500000001 0.0125 0.010937500000000001
2 0.1375 0.8640625000000001 0.015625 0.025
2 0.08671875000000001 0.796875 0.010937500000000001 0.0125
1 0.8359375 0.76875 0.33125000000000004 0.465625
