2 0.134375 0.2578125 0.265625 0.5125000000000001
1 0.909375 0.29140625000000003 0.184375 0.5796875
2 0.07578125000000001 0.8015625000000001 0.1484375 0.046875
2 0.065625 0.8546875 0.12187500000000001 0.05625
2 0.05625 0.9 0.046875 0.025
2 0.02421875 0.9625 0.045312500000000006 0.0625
2 0.48125 0.6328125 0.059375000000000004 0.084375
2 0.45234375000000004 0.64765625 0.06406250000000001 0.0703125
2 0.43281250000000004 0.7757812500000001 0.15625 0.1609375
2 0.37031250000000004 0.8921875 0.13125 0.15000000000000002
2 0.18359375 0.89453125 0.0546875 0.0484375
2 0.18906250000000002 0.8132812500000001 0.028125 0.035937500000000004
2 0.15859375 0.7234375000000001 0.1203125 0.0625
1 0.7273437500000001 0.7039062500000001 0.43281250000000004 0.24531250000000002
