2 0.39609375 0.08750000000000001 0.1296875 0.07187500000000001
2 0.3671875 0.040625 0.096875 0.05625
2 0.42421875000000003 0.15781250000000002 0.0734375 0.059375000000000004
2 0.36250000000000004 0.13671875 0.025 0.0171875
2 0.446875 0.27968750000000003 0.028125 0.1125
2 0.3375 0.41250000000000003 0.037500000000000006 0.07187500000000001
2 0.28125 0.4 0.084375 0.05625
2 0.1234375 0.465625 0.043750000000000004 0.040625
2 0.1609375 0.3375 0.134375 0.025
2 0.8421875000000001 0.030468750000000003 0.12812500000000002 0.0578125
1 0.3015625 0.80390625 0.31875000000000003 0.3953125
1 0.24531250000000002 0.56171875 0.42500000000000004 0.0421875
2 0.59140625 0.6257812500000001 0.18906250000000002 0.1703125
2 0.61875 0.84765625 0.040625 0.029687500000000002
2 0.5453125 0.8343750000000001 0.043750000000000004 0.043750000000000004
2 0.46875 0.8289062500000001 0.015625 0.0390625
2 0.503125 0.790625 0.015625 0.021875000000000002
2 0.5859375 0.99765625 0.028125 0.0078125
2 0.9375 0.93125 0.028125 0.03125
2 0.90390625 0.8546875 0.07968750000000001 0.065625
2 0.82578125 0.72421875 0.2421875 0.1296875
2 0.7367187500000001 0.6296875000000001 0.045312500000000006 0.05
2 0.82734375 0.63984375 0.045312500000000006 0.026562500000000003
2 0.73359375 0.5765625 0.029687500000000002 0.034375
2 0.8210937500000001 0.578125 0.1203125 0.07500000000000001
2 0.72578125 0.54296875 0.0171875 0.004687500000000001
