2 0.09843750000000001 0.215625 0.19375 0.42812500000000003
2 0.5890625 0.48750000000000004 0.15937500000000002 0.028125
2 0.6156250000000001 0.39687500000000003 0.153125 0.134375
2 0.66953125 0.3203125 0.0859375 0.171875
2 0.8359375 0.27421875 0.17500000000000002 0.2921875
2 0.96484375 0.39687500000000003 0.0734375 0.07187500000000001
2 0.9226562500000001 0.47890625000000003 0.09531250000000001 0.045312500000000006
3 0.11875000000000001 0.58203125 0.234375 0.1609375
3 0.29375 0.5640625 0.053125000000000006 0.096875
1 0.6609375000000001 0.7765625 0.68125 0.45
