2 0.13671875 0.47109375000000003 0.2328125 0.09843750000000001
2 0.83984375 0.3203125 0.045312500000000006 0.05
2 0.6492187500000001 0.35078125000000004 0.0890625 0.0921875
2 0.5703125 0.33359375 0.10625000000000001 0.1015625
2 0.59296875 0.290625 0.051562500000000004 0.05
2 0.4453125 0.44140625 0.05 0.1234375
2 0.49843750000000003 0.5 0.115625 0.040625
0 0.2109375 0.7609375 0.41875 0.48125
3 0.65625 0.86484375 0.47187500000000004 0.2734375
3 0.8250000000000001 0.675 0.353125 0.28750000000000003
