2 0.0328125 0.1640625 0.0625 0.15625
2 0.30781250000000004 0.19843750000000002 0.171875 0.25625000000000003
2 0.28046875 0.41250000000000003 0.0546875 0.015625
3 0.80859375 0.2109375 0.38593750000000004 0.41875
2 0.28125 0.696875 0.03125 0.07187500000000001
2 0.2484375 0.7234375000000001 0.040625 0.03125
2 0.240625 0.6515625 0.05625 0.059375000000000004
2 0.22968750000000002 0.6859375000000001 0.021875000000000002 0.028125
2 0.06406250000000001 0.8 0.028125 0.043750000000000004
2 0.15937500000000002 0.540625 0.13125 0.1125
2 0.21640625000000002 0.44296875 0.0765625 0.045312500000000006
1 0.7578125 0.50625 0.41250000000000003 0.171875
1 0.74609375 0.81015625 0.38906250000000003 0.3828125
