2 0.27890625 0.2609375 0.0390625 0.053125000000000006
2 0.24375000000000002 0.19140625 0.03125 0.045312500000000006
2 0.240625 0.11875000000000001 0.021875000000000002 0.028125
2 0.055468750000000004 0.21250000000000002 0.026562500000000003 0.025
2 0.37031250000000004 0.2390625 0.03125 0.025
2 0.43203125000000003 0.26796875000000003 0.0234375 0.0140625
1 0.8140625 0.07968750000000001 0.375 0.15625
1 0.90390625 0.32343750000000004 0.1953125 0.284375
1 0.40859375000000003 0.82578125 0.32343750000000004 0.3515625
1 0.19921875 0.6875 0.2703125 0.27187500000000003
1 0.4453125 0.59765625 0.25 0.0921875
1 0.1546875 0.91328125 0.18125000000000002 0.1765625
