2 0.43125 0.15156250000000002 0.025 0.037500000000000006
2 0.69296875 0.2734375 0.035937500000000004 0.018750000000000003
2 0.7171875000000001 0.27968750000000003 0.021875000000000002 0.018750000000000003
2 0.6429687500000001 0.325 0.07968750000000001 0.07187500000000001
2 0.5234375 0.3203125 0.018750000000000003 0.0125
2 0.5046875000000001 0.4375 0.00625 0.0125
2 0.52578125 0.41250000000000003 0.0171875 0.0125
2 0.7445312500000001 0.71015625 0.0484375 0.051562500000000004
2 0.7140625 0.7953125000000001 0.037500000000000006 0.040625
2 0.6648437500000001 0.9398437500000001 0.0234375 0.0203125
2 0.6726562500000001 0.6578125 0.0234375 0.025
2 0.525 0.6531250000000001 0.018750000000000003 0.03125
2 0.521875 0.69453125 0.018750000000000003 0.0171875
2 0.50546875 0.80078125 0.010937500000000001 0.010937500000000001
2 0.46015625000000004 0.7914062500000001 0.0078125 0.0203125
2 0.36328125 0.6781250000000001 0.051562500000000004 0.037500000000000006
2 0.30625 0.67578125 0.03125 0.0234375
