1 0.2765625 0.20078125000000002 0.55 0.2609375
3 0.73203125 0.16640625 0.3609375 0.3296875
2 0.17265625 0.8875000000000001 0.06406250000000001 0.03125
2 0.14765625000000002 0.82578125 0.0484375 0.026562500000000003
2 0.17265625 0.784375 0.1203125 0.05
2 0.1375 0.7445312500000001 0.06875 0.0546875
2 0.14453125 0.61640625 0.07968750000000001 0.1421875
2 0.14921875 0.5398437500000001 0.051562500000000004 0.045312500000000006
2 0.0203125 0.44296875 0.037500000000000006 0.06406250000000001
2 0.12109375 0.42421875000000003 0.035937500000000004 0.0234375
3 0.84296875 0.6664062500000001 0.3171875 0.6703125000000001
