0 0.09843750000000001 0.07500000000000001 0.12187500000000001 0.146875
2 0.64453125 0.18984375 0.1859375 0.3765625
2 0.8875000000000001 0.0328125 0.19062500000000002 0.0625
2 0.0421875 0.90546875 0.08125 0.1484375
2 0.3484375 0.74609375 0.11875000000000001 0.1859375
2 0.51953125 0.8203125 0.035937500000000004 0.025
2 0.5140625 0.8578125000000001 0.05 0.040625
2 0.496875 0.8992187500000001 0.043750000000000004 0.029687500000000002
2 0.41250000000000003 0.95859375 0.246875 0.08281250000000001
3 0.7765625 0.7000000000000001 0.45 0.31875000000000003
