2 0.5546875 0.64609375 0.037500000000000006 0.0328125
2 0.6468750000000001 0.690625 0.03125 0.028125
2 0.6796875 0.6898437500000001 0.034375 0.0328125
2 0.69296875 0.7507812500000001 0.0171875 0.0078125
2 0.74140625 0.7757812500000001 0.0078125 0.010937500000000001
2 0.753125 0.8234375 0.015625 0.018750000000000003
2 0.6351562500000001 0.828125 0.0078125 0.009375000000000001
2 0.59921875 0.884375 0.0140625 0.0125
2 0.446875 0.8265625000000001 0.028125 0.021875000000000002
2 0.48281250000000003 0.8390625 0.00625 0.00625
2 0.4 0.85546875 0.034375 0.029687500000000002
2 0.40546875000000004 0.828125 0.0140625 0.0125
2 0.38671875 0.89453125 0.0140625 0.0234375
2 0.32656250000000003 0.7390625000000001 0.021875000000000002 0.021875000000000002
2 0.34296875000000004 0.759375 0.0140625 0.0125
2 0.36640625000000004 0.75546875 0.010937500000000001 0.0078125
2 0.23750000000000002 0.7625000000000001 0.021875000000000002 0.021875000000000002
2 0.30781250000000004 0.8265625000000001 0.009375000000000001 0.009375000000000001
2 0.32578125 0.8890625000000001 0.0078125 0.009375000000000001
2 0.26171875 0.92109375 0.0078125 0.0078125
2 0.50234375 0.6171875 0.010937500000000001 0.009375000000000001
2 0.6898437500000001 0.2234375 0.0171875 0.018750000000000003
2 0.6882812500000001 0.21328125 0.0078125 0.004687500000000001
2 0.69296875 0.33515625000000004 0.029687500000000002 0.0328125
2 0.5375 0.3328125 0.05 0.07187500000000001
2 0.39921875 0.29921875000000003 0.0171875 0.0078125
2 0.5515625000000001 0.25 0.03125 0.037500000000000006
2 0.63203125 0.22421875000000002 0.0140625 0.010937500000000001
2 0.6585937500000001 0.234375 0.010937500000000001 0.00625
2 0.65546875 0.22734375 0.0078125 0.004687500000000001
