2 0.53046875 0.23515625 0.07968750000000001 0.08281250000000001
2 0.4234375 0.27187500000000003 0.05625 0.05625
2 0.56796875 0.42812500000000003 0.0421875 0.0625
2 0.41640625000000003 0.48828125 0.13593750000000002 0.1046875
2 0.46171875 0.5437500000000001 0.0390625 0.0625
2 0.59140625 0.690625 0.0203125 0.040625
2 0.78515625 0.6296875000000001 0.0171875 0.018750000000000003
2 0.7937500000000001 0.7093750000000001 0.021875000000000002 0.028125
2 0.24296875 0.7828125 0.0328125 0.046875
2 0.5671875000000001 0.8773437500000001 0.046875 0.045312500000000006
2 0.18359375 0.92734375 0.11093750000000001 0.08281250000000001
2 0.6937500000000001 0.87421875 0.034375 0.060937500000000006
2 0.6828125 0.9234375 0.03125 0.025
2 0.690625 0.9078125 0.015625 0.0125
