1 0.21953125 0.2859375 0.43593750000000003 0.56875
2 0.5476562500000001 0.14140625 0.17343750000000002 0.0765625
2 0.59765625 0.0921875 0.1015625 0.059375000000000004
2 0.53046875 0.215625 0.09531250000000001 0.0625
2 0.6039062500000001 0.19453125000000002 0.026562500000000003 0.0171875
2 0.49375 0.34453125 0.065625 0.1171875
2 0.63046875 0.48359375000000004 0.0421875 0.0734375
2 0.6898437500000001 0.47109375000000003 0.0890625 0.0578125
2 0.8546875 0.5390625 0.046875 0.040625
2 0.8140625 0.40546875000000004 0.140625 0.026562500000000003
1 0.1375 0.6984375 0.27187500000000003 0.25625000000000003
2 0.721875 0.6578125 0.040625 0.040625
2 0.696875 0.8406250000000001 0.125 0.23125
