0 0.30234375 0.2109375 0.3984375 0.41875
0 0.134375 0.40078125000000003 0.265625 0.2234375
2 0.6140625000000001 0.35390625000000003 0.084375 0.060937500000000006
2 0.775 0.18906250000000002 0.046875 0.03125
2 0.6953125 0.253125 0.028125 0.040625
2 0.6882812500000001 0.153125 0.0171875 0.025
2 0.9437500000000001 0.0671875 0.09375 0.1
2 0.7625000000000001 0.043750000000000004 0.0625 0.07500000000000001
2 0.68359375 0.51171875 0.029687500000000002 0.0171875
1 0.2109375 0.7765625 0.41875 0.45
2 0.8015625000000001 0.89375 0.06875 0.065625
2 0.5171875 0.65546875 0.03125 0.060937500000000006
2 0.5710937500000001 0.5640625 0.026562500000000003 0.025
2 0.56015625 0.8148437500000001 0.029687500000000002 0.0171875
