3 0.18828125 0.25625000000000003 0.37343750000000003 0.325
3 0.0328125 0.45546875000000003 0.0625 0.051562500000000004
2 0.65390625 0.45546875000000003 0.0765625 0.051562500000000004
2 0.7523437500000001 0.45156250000000003 0.06406250000000001 0.059375000000000004
2 0.828125 0.4546875 0.034375 0.037500000000000006
2 0.8171875000000001 0.34453125 0.05625 0.0546875
2 0.7625000000000001 0.14296875 0.034375 0.035937500000000004
2 0.6335937500000001 0.1609375 0.1078125 0.140625
2 0.6515625 0.05625 0.043750000000000004 0.05625
2 0.23593750000000002 0.7562500000000001 0.115625 0.1625
2 0.48750000000000004 0.8304687500000001 0.03125 0.0171875
2 0.41171875 0.9046875000000001 0.08281250000000001 0.09062500000000001
0 0.8109375000000001 0.8367187500000001 0.38125000000000003 0.3296875
