2 0.51953125 0.696875 0.029687500000000002 0.040625
2 0.25703125 0.59140625 0.0234375 0.0140625
2 0.184375 0.65234375 0.015625 0.029687500000000002
2 0.27734375 0.609375 0.0140625 0.021875000000000002
2 0.5867187500000001 0.58359375 0.0203125 0.0171875
2 0.5703125 0.63203125 0.018750000000000003 0.026562500000000003
2 0.58984375 0.61484375 0.0140625 0.0203125
2 0.48750000000000004 0.58125 0.018750000000000003 0.015625
2 0.46796875000000004 0.625 0.0140625 0.021875000000000002
2 0.47968750000000004 0.6390625000000001 0.015625 0.021875000000000002
2 0.33125000000000004 0.28828125 0.028125 0.0328125
2 0.42265625 0.2625 0.09843750000000001 0.06875
2 0.484375 0.28046875 0.028125 0.045312500000000006
2 0.47578125000000004 0.31875000000000003 0.035937500000000004 0.037500000000000006
2 0.30546875 0.36875 0.0703125 0.03125
2 0.403125 0.4078125 0.10312500000000001 0.025
2 0.6703125000000001 0.39453125 0.10312500000000001 0.06406250000000001
2 0.42265625 0.041406250000000006 0.0234375 0.0140625
2 0.52578125 0.11093750000000001 0.029687500000000002 0.021875000000000002
2 0.65 0.15156250000000002 0.034375 0.040625
