2 0.41015625 0.12578125 0.0546875 0.08281250000000001
2 0.37109375 0.0171875 0.0921875 0.03125
2 0.290625 0.146875 0.028125 0.028125
2 0.19609375 0.20078125000000002 0.0671875 0.0703125
2 0.18828125 0.25546875 0.0484375 0.029687500000000002
2 0.2078125 0.15156250000000002 0.03125 0.021875000000000002
2 0.30078125 0.2484375 0.0859375 0.043750000000000004
2 0.35078125000000004 0.2546875 0.060937500000000006 0.03125
1 0.40156250000000004 0.7781250000000001 0.21875 0.446875
1 0.8562500000000001 0.6625000000000001 0.290625 0.6781250000000001
1 0.603125 0.34218750000000003 0.184375 0.14375000000000002
