2 0.48359375000000004 0.11640625 0.1453125 0.0921875
2 0.3953125 0.29531250000000003 0.225 0.146875
2 0.4 0.42578125 0.08125 0.0890625
2 0.41250000000000003 0.5554687500000001 0.16875 0.13593750000000002
2 0.36015625 0.82421875 0.22031250000000002 0.35468750000000004
2 0.61484375 0.484375 0.1703125 0.553125
2 0.5609375 0.9085937500000001 0.17500000000000002 0.1859375
2 0.8367187500000001 0.43046875 0.0484375 0.0421875
2 0.7835937500000001 0.4109375 0.0734375 0.07187500000000001
2 0.78046875 0.33203125 0.026562500000000003 0.0328125
