2 0.5 0.15781250000000002 0.037500000000000006 0.065625
2 0.36875 0.065625 0.034375 0.06875
2 0.49062500000000003 0.22968750000000002 0.03125 0.043750000000000004
2 0.45 0.22734375 0.046875 0.0484375
2 0.465625 0.178125 0.018750000000000003 0.040625
2 0.40234375 0.2015625 0.0390625 0.109375
2 0.43203125000000003 0.41875 0.0203125 0.028125
2 0.36171875000000003 0.27265625 0.0484375 0.051562500000000004
3 0.8875000000000001 0.23125 0.22812500000000002 0.45937500000000003
1 0.26640625 0.7453125 0.5296875 0.5125000000000001
2 0.784375 0.66328125 0.36875 0.40468750000000003
2 0.5484375 0.8578125000000001 0.028125 0.034375
