2 0.44062500000000004 0.02109375 0.028125 0.0234375
2 0.6117187500000001 0.017968750000000002 0.0421875 0.029687500000000002
2 0.49843750000000003 0.0054687500000000005 0.021875000000000002 0.004687500000000001
2 0.46484375 0.029687500000000002 0.026562500000000003 0.03125
2 0.40937500000000004 0.2171875 0.025 0.015625
2 0.421875 0.23359375000000002 0.021875000000000002 0.010937500000000001
2 0.38125000000000003 0.24765625000000002 0.021875000000000002 0.0171875
2 0.5476562500000001 0.325 0.1453125 0.115625
2 0.5945312500000001 0.39765625000000004 0.004687500000000001 0.0078125
2 0.521875 0.35078125000000004 0.1 0.0859375
2 0.6117187500000001 0.32265625000000003 0.0484375 0.0734375
2 0.45156250000000003 0.36796875 0.03125 0.026562500000000003
2 0.32578125 0.30625 0.0140625 0.009375000000000001
2 0.290625 0.32890625 0.03125 0.0140625
2 0.34296875000000004 0.35781250000000003 0.0140625 0.009375000000000001
2 0.34921875 0.37734375000000003 0.0078125 0.010937500000000001
2 0.26015625000000003 0.38125000000000003 0.010937500000000001 0.0125
2 0.22421875000000002 0.4078125 0.026562500000000003 0.025
2 0.3140625 0.42265625 0.03125 0.0421875
2 0.41484375 0.46015625000000004 0.029687500000000002 0.0203125
2 0.478125 0.46953125 0.0125 0.0203125
2 0.525 0.46171875 0.025 0.026562500000000003
2 0.6117187500000001 0.62109375 0.0734375 0.0671875
2 0.38046875 0.7117187500000001 0.051562500000000004 0.1328125
2 0.45703125 0.8031250000000001 0.09843750000000001 0.140625
2 0.8500000000000001 0.6234375000000001 0.025 0.06875
2 0.8031250000000001 0.6484375 0.009375000000000001 0.009375000000000001
2 0.81015625 0.659375 0.010937500000000001 0.009375000000000001
2 0.82421875 0.54453125 0.010937500000000001 0.010937500000000001
2 0.73828125 0.5476562500000001 0.004687500000000001 0.0078125
2 0.74921875 0.53828125 0.0078125 0.0078125
2 0.7507812500000001 0.5234375 0.0078125 0.00625
2 0.75703125 0.7375 0.010937500000000001 0.009375000000000001
2 0.7757812500000001 0.7234375000000001 0.0140625 0.015625
2 0.78828125 0.7015625000000001 0.0078125 0.00625
2 0.80234375 0.7117187500000001 0.0078125 0.010937500000000001
