1 0.27109375 0.27109375 0.5390625 0.3796875
2 0.57265625 0.1953125 0.06406250000000001 0.3875
2 0.7484375000000001 0.30312500000000003 0.18125000000000002 0.17500000000000002
2 0.6468750000000001 0.42578125 0.21250000000000002 0.0703125
2 0.15781250000000002 0.9890625000000001 0.037500000000000006 0.025
2 0.5296875 0.9984375000000001 0.021875000000000002 0.00625
2 0.15703125 0.878125 0.060937500000000006 0.096875
2 0.178125 0.7921875 0.09062500000000001 0.05625
2 0.25 0.7507812500000001 0.037500000000000006 0.0203125
2 0.25859375 0.73203125 0.051562500000000004 0.0140625
2 0.4625 0.69453125 0.07187500000000001 0.0484375
2 0.3984375 0.6507812500000001 0.046875 0.0203125
2 0.47500000000000003 0.625 0.10312500000000001 0.03125
2 0.3296875 0.46796875000000004 0.025 0.0140625
2 0.509375 0.5007812500000001 0.0625 0.07968750000000001
2 0.48515625 0.5007812500000001 0.0546875 0.07968750000000001
2 0.45078125 0.50546875 0.0765625 0.0890625
2 0.7312500000000001 0.6546875000000001 0.171875 0.07187500000000001
2 0.8445312500000001 0.60703125 0.06406250000000001 0.1078125
2 0.89453125 0.69140625 0.0765625 0.1609375
2 0.90625 0.7765625 0.06875 0.12812500000000002
2 0.91953125 0.8304687500000001 0.0578125 0.1296875
2 0.8343750000000001 0.49062500000000003 0.06875 0.059375000000000004
2 0.59921875 0.55078125 0.1171875 0.06406250000000001
