0 0.6570312500000001 0.30234375 0.4109375 0.2765625
0 0.81015625 0.115625 0.3453125 0.1375
2 0.19687500000000002 0.50390625 0.171875 0.1265625
2 0.1546875 0.5703125 0.115625 0.15625
2 0.1921875 0.74140625 0.19687500000000002 0.1921875
2 0.15937500000000002 0.93671875 0.05625 0.0734375
2 0.08281250000000001 0.9296875 0.09375 0.14375000000000002
2 0.043750000000000004 0.5453125 0.084375 0.125
2 0.022656250000000003 0.57578125 0.0421875 0.0421875
0 0.7367187500000001 0.81796875 0.5296875 0.3671875
