2 0.5125000000000001 0.34687500000000004 0.03125 0.034375
2 0.553125 0.384375 0.09062500000000001 0.08750000000000001
2 0.7976562500000001 0.43046875 0.23593750000000002 0.09843750000000001
2 0.21250000000000002 0.62109375 0.040625 0.06406250000000001
2 0.35234375 0.5875 0.1609375 0.12187500000000001
2 0.74765625 0.7039062500000001 0.1953125 0.2109375
2 0.596875 0.7265625 0.078125 0.09375
2 0.5828125000000001 0.67109375 0.065625 0.026562500000000003
2 0.6976562500000001 0.8445312500000001 0.0546875 0.0390625
2 0.48046875 0.7265625 0.0890625 0.14375000000000002
2 0.41640625000000003 0.6687500000000001 0.0390625 0.096875
2 0.36796875 0.55625 0.029687500000000002 0.028125
2 0.38828125 0.5906250000000001 0.0328125 0.034375
2 0.34375 0.63984375 0.028125 0.09843750000000001
2 0.37421875000000004 0.6921875000000001 0.045312500000000006 0.178125
