1 0.22578125000000002 0.28125 0.44843750000000004 0.5593750000000001
1 0.81171875 0.1703125 0.3796875 0.3375
1 0.75 0.45234375000000004 0.359375 0.2171875
2 0.3828125 0.98828125 0.184375 0.026562500000000003
2 0.46171875 0.7117187500000001 0.1328125 0.1421875
2 0.26640625 0.765625 0.1234375 0.234375
2 0.23125 0.8601562500000001 0.05625 0.0765625
2 0.18359375 0.9656250000000001 0.051562500000000004 0.07187500000000001
2 0.125 0.734375 0.025 0.040625
2 0.11640625 0.6578125 0.1265625 0.19375
2 0.31562500000000004 0.67109375 0.09062500000000001 0.22031250000000002
2 0.36875 0.63046875 0.053125000000000006 0.1390625
2 0.73046875 0.9765625 0.1015625 0.05
2 0.87890625 0.8187500000000001 0.0734375 0.140625
2 0.7679687500000001 0.85703125 0.0140625 0.0140625
2 0.8640625000000001 0.66796875 0.059375000000000004 0.07968750000000001
