1 0.41484375 0.21250000000000002 0.1921875 0.421875
1 0.19375 0.03125 0.24375000000000002 0.059375000000000004
2 0.5390625 0.125 0.05625 0.07187500000000001
2 0.53515625 0.18906250000000002 0.035937500000000004 0.046875
2 0.63046875 0.215625 0.0734375 0.07187500000000001
2 0.6507812500000001 0.18359375 0.0421875 0.0390625
2 0.7117187500000001 0.22109375 0.08281250000000001 0.060937500000000006
1 0.45390625 0.7195312500000001 0.11406250000000001 0.5359375000000001
3 0.14765625000000002 0.7976562500000001 0.2921875 0.4078125
2 0.8250000000000001 0.5828125000000001 0.23750000000000002 0.1125
2 0.55625 0.5984375000000001 0.09062500000000001 0.265625
2 0.9539062500000001 0.790625 0.09531250000000001 0.07500000000000001
2 0.9968750000000001 0.9148437500000001 0.009375000000000001 0.0328125
