2 0.28750000000000003 0.00859375 0.053125000000000006 0.0140625
2 0.0734375 0.0921875 0.028125 0.03125
2 0.0140625 0.1421875 0.025 0.109375
2 0.18125000000000002 0.3828125 0.046875 0.05
2 0.07187500000000001 0.41640625000000003 0.140625 0.0578125
2 0.15156250000000002 0.18828125 0.043750000000000004 0.0421875
2 0.17500000000000002 0.246875 0.034375 0.040625
2 0.9546875 0.0703125 0.034375 0.040625
2 0.946875 0.21875 0.034375 0.021875000000000002
2 0.8757812500000001 0.49843750000000003 0.035937500000000004 0.025
2 0.6609375000000001 0.46718750000000003 0.046875 0.043750000000000004
0 0.28046875 0.68671875 0.5578125 0.3515625
1 0.7546875000000001 0.7562500000000001 0.19375 0.49062500000000003
