3 0.7421875 0.14140625 0.51875 0.27968750000000003
2 0.253125 0.8187500000000001 0.065625 0.043750000000000004
2 0.58125 0.40937500000000004 0.034375 0.037500000000000006
2 0.625 0.45 0.096875 0.096875
2 0.8812500000000001 0.49921875000000004 0.240625 0.1078125
2 0.45234375000000004 0.67109375 0.08281250000000001 0.1328125
2 0.8367187500000001 0.7992187500000001 0.21406250000000002 0.22968750000000002
2 0.6734375 0.82421875 0.084375 0.1015625
2 0.6578125 0.7625000000000001 0.07187500000000001 0.028125
2 0.5453125 0.8234375 0.096875 0.15625
2 0.47500000000000003 0.7609375 0.043750000000000004 0.10625000000000001
2 0.42500000000000004 0.6390625000000001 0.028125 0.03125
2 0.44609375 0.675 0.035937500000000004 0.037500000000000006
2 0.43125 0.7859375000000001 0.040625 0.19375
