2 0.48359375000000004 0.5593750000000001 0.0203125 0.028125
2 0.52109375 0.553125 0.0140625 0.018750000000000003
2 0.5359375000000001 0.56953125 0.021875000000000002 0.0171875
2 0.59921875 0.53828125 0.0234375 0.0203125
2 0.5484375 0.6156250000000001 0.018750000000000003 0.021875000000000002
2 0.5625 0.5984375000000001 0.021875000000000002 0.018750000000000003
2 0.6414062500000001 0.6109375 0.0140625 0.0125
2 0.3875 0.5109375 0.009375000000000001 0.009375000000000001
2 0.415625 0.5 0.009375000000000001 0.009375000000000001
2 0.38984375000000004 0.484375 0.0078125 0.009375000000000001
2 0.17421875 0.6742187500000001 0.0140625 0.010937500000000001
2 0.16875 0.7125 0.0125 0.009375000000000001
