2 0.34296875000000004 0.01171875 0.0859375 0.0203125
2 0.3328125 0.15781250000000002 0.1875 0.153125
2 0.35468750000000004 0.07578125000000001 0.125 0.0546875
2 0.33828125000000003 0.043750000000000004 0.1265625 0.034375
2 0.37890625 0.23125 0.1265625 0.15937500000000002
2 0.5281250000000001 0.20703125 0.146875 0.13593750000000002
2 0.5265625 0.24296875 0.05625 0.045312500000000006
2 0.51015625 0.06015625 0.07968750000000001 0.0484375
1 0.8015625000000001 0.15625 0.4 0.309375
0 0.25625000000000003 0.7375 0.509375 0.5281250000000001
0 0.5593750000000001 0.728125 0.0625 0.29375
1 0.9226562500000001 0.7898437500000001 0.15781250000000002 0.2609375
