1 0.30312500000000003 0.38125000000000003 0.296875 0.259375
1 0.09062500000000001 0.09296875 0.178125 0.18281250000000002
1 0.06328125 0.42734375 0.1234375 0.16718750000000002
1 0.321875 0.11953125 0.259375 0.23593750000000002
2 0.484375 0.07968750000000001 0.040625 0.03125
2 0.565625 0.37343750000000003 0.025 0.025
2 0.75 0.36796875 0.028125 0.035937500000000004
2 0.8765625 0.43281250000000004 0.043750000000000004 0.053125000000000006
2 0.7515625 0.4390625 0.15000000000000002 0.059375000000000004
3 0.3765625 0.728125 0.15000000000000002 0.434375
1 0.68359375 0.759375 0.46406250000000004 0.484375
