2 0.6976562500000001 0.36640625000000004 0.1296875 0.24531250000000002
2 0.5320312500000001 0.31484375000000003 0.2421875 0.2265625
2 0.38593750000000004 0.32890625 0.125 0.1015625
2 0.353125 0.3671875 0.15937500000000002 0.09375
2 0.22578125000000002 0.33906250000000004 0.0703125 0.05625
2 0.1625 0.38046875 0.065625 0.0671875
2 0.07734375 0.42031250000000003 0.0234375 0.021875000000000002
2 0.24375000000000002 0.4921875 0.0625 0.07500000000000001
2 0.1546875 0.51015625 0.059375000000000004 0.0765625
2 0.5125000000000001 0.5671875000000001 0.140625 0.15000000000000002
2 0.8046875 0.85078125 0.046875 0.051562500000000004
2 0.47890625000000003 0.8546875 0.1484375 0.043750000000000004
2 0.5734375 0.8500000000000001 0.09062500000000001 0.053125000000000006
2 0.6421875 0.8625 0.05 0.028125
2 0.68671875 0.85859375 0.0421875 0.035937500000000004
2 0.6335937500000001 0.78046875 0.08281250000000001 0.0765625
2 0.5789062500000001 0.7828125 0.1421875 0.11875000000000001
2 0.6203125 0.57265625 0.234375 0.15781250000000002
