1 0.08125 0.1125 0.15937500000000002 0.22187500000000002
3 0.8070312500000001 0.13593750000000002 0.3765625 0.26875
2 0.1 0.81015625 0.08750000000000001 0.0890625
2 0.0078125 0.7679687500000001 0.0125 0.060937500000000006
2 0.14140625 0.5984375000000001 0.045312500000000006 0.06875
2 0.025781250000000002 0.5320312500000001 0.0484375 0.11406250000000001
2 0.025781250000000002 0.47187500000000004 0.0421875 0.06875
2 0.16562500000000002 0.3125 0.021875000000000002 0.043750000000000004
2 0.37812500000000004 0.37890625 0.018750000000000003 0.0203125
2 0.38828125 0.29296875 0.0234375 0.029687500000000002
2 0.7703125000000001 0.5398437500000001 0.4625 0.3453125
