1 0.1875 0.16015625 0.371875 0.3171875
1 0.78671875 0.1234375 0.34218750000000003 0.24375000000000002
1 0.19140625 0.8148437500000001 0.3796875 0.37343750000000003
2 0.41718750000000004 0.8296875 0.037500000000000006 0.025
2 0.415625 0.978125 0.06875 0.046875
2 0.42734375 0.9539062500000001 0.029687500000000002 0.045312500000000006
2 0.5375 0.9867187500000001 0.021875000000000002 0.0203125
2 0.60546875 0.9437500000000001 0.051562500000000004 0.05625
2 0.7875000000000001 0.84765625 0.021875000000000002 0.0234375
2 0.41484375 0.7171875000000001 0.060937500000000006 0.096875
2 0.43593750000000003 0.6312500000000001 0.09062500000000001 0.05625
2 0.509375 0.58828125 0.037500000000000006 0.0203125
2 0.5164062500000001 0.5710937500000001 0.051562500000000004 0.0140625
2 0.8968750000000001 0.7046875 0.025 0.03125
2 0.721875 0.53359375 0.07187500000000001 0.0484375
2 0.6578125 0.48828125 0.046875 0.0203125
2 0.7328125000000001 0.46484375 0.10312500000000001 0.026562500000000003
2 0.90625 0.87890625 0.018750000000000003 0.0328125
2 0.8875000000000001 0.9703125 0.053125000000000006 0.0625
