1 0.35468750000000004 0.4140625 0.08125 0.109375
3 0.8640625000000001 0.3515625 0.275 0.278125
3 0.6195312500000001 0.41171875 0.15781250000000002 0.15781250000000002
2 0.44062500000000004 0.640625 0.13125 0.146875
2 0.253125 0.878125 0.028125 0.046875
2 0.39609375 0.875 0.0203125 0.015625
2 0.42031250000000003 0.94453125 0.23750000000000002 0.11406250000000001
2 0.35234375 0.9109375000000001 0.0140625 0.018750000000000003
2 0.36640625000000004 0.8734375000000001 0.004687500000000001 0.00625
2 0.36484375 0.8914062500000001 0.004687500000000001 0.004687500000000001
2 0.83125 0.6546875000000001 0.296875 0.328125
2 0.7484375000000001 0.984375 0.040625 0.034375
