3 0.15000000000000002 0.17500000000000002 0.09062500000000001 0.084375
3 0.27968750000000003 0.38593750000000004 0.28750000000000003 0.21250000000000002
2 0.9929687500000001 0.5359375000000001 0.0171875 0.09062500000000001
2 0.921875 0.51015625 0.09062500000000001 0.0859375
2 0.8695312500000001 0.546875 0.13593750000000002 0.0625
2 0.64453125 0.4453125 0.1609375 0.12812500000000002
2 0.5734375 0.4734375 0.11875000000000001 0.11875000000000001
2 0.60546875 0.6109375 0.2484375 0.11875000000000001
2 0.8796875000000001 0.6335937500000001 0.16562500000000002 0.0734375
3 0.1640625 0.9171875 0.325 0.16875
1 0.753125 0.8359375 0.496875 0.33125000000000004
