2 0.75703125 0.92578125 0.07968750000000001 0.051562500000000004
2 0.5609375 0.87421875 0.109375 0.2546875
2 0.7453125 0.64453125 0.153125 0.0734375
2 0.8460937500000001 0.58828125 0.035937500000000004 0.0328125
2 0.6218750000000001 0.52734375 0.15625 0.15156250000000002
2 0.17890625000000002 0.39921875 0.0859375 0.0671875
2 0.371875 0.26953125 0.037500000000000006 0.0328125
2 0.33671875 0.4578125 0.1421875 0.203125
2 0.4265625 0.53359375 0.14375000000000002 0.31093750000000003
2 0.5203125000000001 0.6312500000000001 0.10312500000000001 0.21875
2 0.5789062500000001 0.40703125 0.1484375 0.0859375
2 0.5203125000000001 0.31875000000000003 0.14375000000000002 0.078125
2 0.46328125000000003 0.24453125 0.1015625 0.06406250000000001
2 0.45859375 0.2 0.1328125 0.08750000000000001
2 0.659375 0.01953125 0.146875 0.0328125
2 0.52109375 0.04453125 0.029687500000000002 0.08281250000000001
