1 0.16328125000000002 0.21640625000000002 0.32343750000000004 0.4296875
1 0.7578125 0.1328125 0.48750000000000004 0.2625
1 0.5140625 0.36015625 0.125 0.1421875
2 0.26406250000000003 0.6015625 0.053125000000000006 0.07187500000000001
2 0.29609375 0.790625 0.0703125 0.059375000000000004
2 0.30234375 0.7312500000000001 0.045312500000000006 0.037500000000000006
2 0.3453125 0.8406250000000001 0.05 0.05625
2 0.0578125 0.77734375 0.09375 0.17343750000000002
2 0.33125000000000004 0.96484375 0.07500000000000001 0.0578125
2 0.225 0.96484375 0.078125 0.035937500000000004
2 0.08046875 0.9617187500000001 0.0890625 0.051562500000000004
2 0.50703125 0.8187500000000001 0.0390625 0.065625
2 0.63671875 0.91171875 0.0328125 0.0671875
2 0.51796875 0.74921875 0.029687500000000002 0.0421875
2 0.55625 0.753125 0.046875 0.046875
2 0.540625 0.80078125 0.018750000000000003 0.0390625
2 0.60546875 0.77890625 0.0390625 0.1078125
2 0.5750000000000001 0.56484375 0.018750000000000003 0.026562500000000003
2 0.64375 0.70859375 0.046875 0.051562500000000004
2 0.84765625 0.46171875 0.0390625 0.026562500000000003
2 0.8914062500000001 0.453125 0.0171875 0.021875000000000002
2 0.921875 0.4890625 0.05625 0.018750000000000003
2 0.7742187500000001 0.43984375000000003 0.026562500000000003 0.0171875
2 0.73359375 0.44921875 0.0171875 0.026562500000000003
2 0.7609375 0.465625 0.0125 0.028125
