2 0.72578125 0.234375 0.13593750000000002 0.1375
2 0.41250000000000003 0.38359375 0.109375 0.1703125
2 0.55703125 0.6453125000000001 0.2484375 0.209375
2 0.23515625 0.6062500000000001 0.0703125 0.096875
2 0.34453125 0.74609375 0.1421875 0.0859375
2 0.22109375 0.7117187500000001 0.08281250000000001 0.0734375
2 0.153125 0.734375 0.037500000000000006 0.043750000000000004
2 0.15781250000000002 0.5 0.0625 0.11875000000000001
2 0.25703125 0.31328125 0.0328125 0.0234375
2 0.26015625000000003 0.27968750000000003 0.045312500000000006 0.037500000000000006
2 0.2765625 0.24140625000000002 0.040625 0.026562500000000003
2 0.35546875 0.17890625000000002 0.2265625 0.09531250000000001
