2 0.3640625 0.0734375 0.040625 0.059375000000000004
2 0.253125 0.10625000000000001 0.09062500000000001 0.065625
1 0.79296875 0.0671875 0.2765625 0.13125
2 0.353125 0.7875000000000001 0.037500000000000006 0.034375
2 0.45 0.8343750000000001 0.03125 0.028125
2 0.4859375 0.8328125000000001 0.034375 0.034375
2 0.49843750000000003 0.8968750000000001 0.015625 0.009375000000000001
2 0.4375 0.98046875 0.009375000000000001 0.010937500000000001
2 0.23828125 0.98046875 0.029687500000000002 0.0234375
2 0.2765625 0.9921875 0.00625 0.00625
2 0.18906250000000002 0.9968750000000001 0.037500000000000006 0.009375000000000001
2 0.19375 0.9812500000000001 0.0125 0.015625
2 0.11093750000000001 0.8859375 0.021875000000000002 0.021875000000000002
2 0.12734375 0.9078125 0.0140625 0.0125
2 0.15234375 0.90390625 0.010937500000000001 0.0078125
2 0.017968750000000002 0.9109375000000001 0.0234375 0.021875000000000002
2 0.0921875 0.98046875 0.009375000000000001 0.010937500000000001
2 0.296875 0.7578125 0.0125 0.009375000000000001
2 0.49375 0.340625 0.018750000000000003 0.018750000000000003
2 0.49843750000000003 0.4578125 0.03125 0.034375
2 0.33437500000000003 0.45546875000000003 0.053125000000000006 0.0765625
2 0.1875 0.41953125 0.018750000000000003 0.0078125
2 0.35078125000000004 0.3671875 0.0328125 0.040625
2 0.43359375 0.340625 0.0140625 0.0125
2 0.46328125000000003 0.35234375 0.010937500000000001 0.0078125
2 0.45937500000000003 0.34453125 0.009375000000000001 0.004687500000000001
0 0.8046875 0.80078125 0.39375000000000004 0.40156250000000004
