2 0.27109375 0.515625 0.035937500000000004 0.018750000000000003
2 0.19062500000000002 0.45 0.025 0.018750000000000003
2 0.0328125 0.21953125 0.0625 0.0421875
2 0.11406250000000001 0.21406250000000002 0.043750000000000004 0.040625
2 0.096875 0.26328125 0.053125000000000006 0.026562500000000003
2 0.18125000000000002 0.2234375 0.07187500000000001 0.06875
2 0.1546875 0.240625 0.034375 0.028125
2 0.15156250000000002 0.27421875 0.040625 0.0203125
1 0.571875 0.246875 0.28125 0.49062500000000003
1 0.87890625 0.08046875 0.24531250000000002 0.15781250000000002
0 0.29921875000000003 0.7820312500000001 0.26406250000000003 0.2828125
3 0.71640625 0.89765625 0.5703125 0.2078125
3 0.8812500000000001 0.78046875 0.240625 0.1765625
