2 0.051562500000000004 0.30000000000000004 0.046875 0.046875
2 0.96875 0.013281250000000001 0.065625 0.0234375
2 0.8304687500000001 0.109375 0.0078125 0.0125
2 0.8515625 0.08203125 0.018750000000000003 0.0140625
2 0.8539062500000001 0.3453125 0.0203125 0.034375
2 0.8484375000000001 0.390625 0.021875000000000002 0.018750000000000003
2 0.8304687500000001 0.5078125 0.010937500000000001 0.0125
2 0.78125 0.496875 0.009375000000000001 0.021875000000000002
2 0.6734375 0.37343750000000003 0.05625 0.040625
2 0.6109375 0.37031250000000004 0.034375 0.025
0 0.9328125 0.9398437500000001 0.1375 0.1234375
