2 0.23593750000000002 0.253125 0.290625 0.33437500000000003
1 0.78125 0.23203125000000002 0.44062500000000004 0.3765625
2 0.14453125 0.98359375 0.2328125 0.035937500000000004
2 0.15156250000000002 0.9078125 0.084375 0.09062500000000001
2 0.16562500000000002 0.7718750000000001 0.17500000000000002 0.140625
2 0.1125 0.5476562500000001 0.22187500000000002 0.2546875
2 0.37265625 0.7796875000000001 0.1765625 0.44375000000000003
2 0.31640625 0.4609375 0.18281250000000002 0.08125
2 0.53515625 0.9203125000000001 0.051562500000000004 0.07500000000000001
2 0.54453125 0.99375 0.026562500000000003 0.015625
1 0.7796875000000001 0.7109375 0.4375 0.58125
