2 0.0578125 0.11406250000000001 0.08125 0.134375
2 0.2 0.1046875 0.09062500000000001 0.153125
2 0.359375 0.225 0.125 0.1875
2 0.4234375 0.3984375 0.14375000000000002 0.12187500000000001
2 0.33125000000000004 0.3609375 0.115625 0.06875
2 0.19687500000000002 0.3828125 0.084375 0.078125
2 0.1078125 0.353125 0.1 0.09375
0 0.8148437500000001 0.34375 0.37343750000000003 0.253125
1 0.2828125 0.8953125000000001 0.15937500000000002 0.12812500000000002
1 0.40703125 0.640625 0.2484375 0.340625
3 0.6117187500000001 0.8640625000000001 0.1609375 0.275
