2 0.21796875000000002 0.3359375 0.0484375 0.040625
2 0.6203125 0.39765625000000004 0.06875 0.0578125
2 0.6140625000000001 0.46796875000000004 0.08750000000000001 0.026562500000000003
2 0.3171875 0.20390625 0.20625000000000002 0.1296875
2 0.1921875 0.16562500000000002 0.09375 0.043750000000000004
2 0.08359375000000001 0.11328125 0.1640625 0.1078125
2 0.0328125 0.08203125 0.0625 0.1453125
2 0.055468750000000004 0.057031250000000006 0.1078125 0.11093750000000001
2 0.029687500000000002 0.4609375 0.05625 0.040625
1 0.8953125000000001 0.25390625 0.21250000000000002 0.4546875
1 0.5953125 0.503125 0.15000000000000002 0.043750000000000004
1 0.45703125 0.77265625 0.2859375 0.4578125
1 0.8359375 0.70234375 0.33125000000000004 0.4421875
