1 0.25 0.30390625000000004 0.44062500000000004 0.43281250000000004
1 0.671875 0.40546875000000004 0.403125 0.22968750000000002
2 0.08984375 0.9539062500000001 0.0546875 0.0546875
2 0.035937500000000004 0.7546875000000001 0.034375 0.034375
2 0.0203125 0.5437500000000001 0.037500000000000006 0.046875
2 0.65234375 0.6062500000000001 0.1765625 0.14375000000000002
2 0.6312500000000001 0.5359375000000001 0.11875000000000001 0.03125
2 0.60703125 0.6820312500000001 0.1203125 0.1609375
2 0.6453125000000001 0.85703125 0.203125 0.19843750000000002
2 0.50234375 0.6531250000000001 0.06406250000000001 0.12812500000000002
2 0.48203125 0.6859375000000001 0.0234375 0.043750000000000004
2 0.49531250000000004 0.5281250000000001 0.05 0.015625
