2 0.51171875 0.884375 0.0234375 0.037500000000000006
2 0.4578125 0.63984375 0.028125 0.035937500000000004
2 0.4765625 0.7445312500000001 0.021875000000000002 0.0328125
2 0.5632812500000001 0.721875 0.0171875 0.021875000000000002
2 0.5867187500000001 0.7429687500000001 0.0078125 0.0078125
2 0.5734375 0.79296875 0.028125 0.026562500000000003
2 0.41796875 0.9281250000000001 0.0171875 0.025
2 0.38671875 0.9789062500000001 0.004687500000000001 0.0078125
2 0.35468750000000004 0.95234375 0.009375000000000001 0.0140625
2 0.36484375 0.9125000000000001 0.010937500000000001 0.0125
2 0.34921875 0.9234375 0.0078125 0.00625
2 0.5625 0.38046875 0.0625 0.0578125
2 0.59140625 0.32265625000000003 0.09531250000000001 0.0578125
2 0.44062500000000004 0.31171875000000004 0.178125 0.060937500000000006
2 0.45937500000000003 0.3640625 0.09375 0.037500000000000006
2 0.47421875 0.2515625 0.1203125 0.05625
2 0.5140625 0.21953125 0.018750000000000003 0.0234375
2 0.5828125000000001 0.26328125 0.0625 0.0546875
2 0.6429687500000001 0.04453125 0.0578125 0.08281250000000001
2 0.8210937500000001 0.05 0.029687500000000002 0.028125
2 0.775 0.051562500000000004 0.05625 0.07500000000000001
2 0.6546875000000001 0.09765625 0.043750000000000004 0.0546875
