2 0.1921875 0.5242187500000001 0.25 0.21406250000000002
2 0.06015625 0.046875 0.1171875 0.09062500000000001
2 0.5375 0.6273437500000001 0.034375 0.0078125
2 0.49375 0.59296875 0.096875 0.0765625
2 0.8609375 0.34687500000000004 0.043750000000000004 0.06875
2 0.7117187500000001 0.3828125 0.17343750000000002 0.13125
2 0.446875 0.23359375000000002 0.084375 0.1015625
2 0.46171875 0.29375 0.0703125 0.028125
2 0.57421875 0.23359375000000002 0.09531250000000001 0.1546875
2 0.64453125 0.29609375 0.0421875 0.1046875
2 0.6937500000000001 0.41640625000000003 0.03125 0.029687500000000002
2 0.6726562500000001 0.3796875 0.035937500000000004 0.037500000000000006
2 0.7210937500000001 0.328125 0.029687500000000002 0.10625000000000001
2 0.6898437500000001 0.27109375 0.0484375 0.1921875
1 0.19921875 0.81640625 0.34218750000000003 0.37031250000000004
