1 0.25625000000000003 0.2578125 0.509375 0.246875
0 0.76171875 0.30234375 0.47968750000000004 0.15781250000000002
2 0.45703125 0.92890625 0.06406250000000001 0.051562500000000004
2 0.22031250000000002 0.90625 0.043750000000000004 0.043750000000000004
2 0.009375000000000001 0.665625 0.015625 0.037500000000000006
2 0.36015625 0.8359375 0.0328125 0.040625
2 0.359375 0.753125 0.1 0.09062500000000001
2 0.3375 0.5710937500000001 0.18125000000000002 0.23593750000000002
2 0.24296875 0.41640625000000003 0.045312500000000006 0.0703125
2 0.2234375 0.45390625 0.028125 0.026562500000000003
2 0.31562500000000004 0.3984375 0.078125 0.034375
2 0.15390625000000002 0.61484375 0.1703125 0.29531250000000003
2 0.09453125000000001 0.9617187500000001 0.1265625 0.07968750000000001
