2 0.4078125 0.3015625 0.084375 0.13125
2 0.24375000000000002 0.35234375 0.065625 0.09843750000000001
2 0.23046875 0.240625 0.1015625 0.18125000000000002
2 0.18828125 0.08671875000000001 0.1234375 0.1703125
2 0.07578125000000001 0.23593750000000002 0.1484375 0.30625
1 0.62421875 0.25625000000000003 0.1859375 0.290625
1 0.26953125 0.7953125000000001 0.30781250000000004 0.41250000000000003
1 0.33515625000000004 0.4921875 0.2765625 0.18125000000000002
1 0.17343750000000002 0.43984375000000003 0.34375 0.0765625
3 0.8601562500000001 0.8914062500000001 0.2828125 0.22031250000000002
