2 0.18281250000000002 0.17343750000000002 0.021875000000000002 0.034375
2 0.153125 0.1640625 0.021875000000000002 0.034375
2 0.09296875 0.34609375000000003 0.0203125 0.0234375
2 0.004687500000000001 0.31562500000000004 0.00625 0.021875000000000002
2 0.0078125 0.43593750000000003 0.0125 0.034375
0 0.828125 0.49531250000000004 0.34687500000000004 0.278125
1 0.31875000000000003 0.8859375 0.325 0.23125
2 0.8171875000000001 0.7828125 0.037500000000000006 0.025
2 0.7828125 0.8375 0.03125 0.043750000000000004
2 0.7820312500000001 0.9085937500000001 0.0203125 0.026562500000000003
2 0.603125 0.81796875 0.025 0.0234375
2 0.90625 0.7921875 0.03125 0.025
