0 0.171875 0.22734375 0.340625 0.45156250000000003
0 0.39375000000000004 0.48203125 0.053125000000000006 0.15781250000000002
1 0.65390625 0.34687500000000004 0.46718750000000003 0.42812500000000003
1 0.1203125 0.7406250000000001 0.23750000000000002 0.2625
2 0.74765625 0.7234375000000001 0.026562500000000003 0.043750000000000004
2 0.6125 0.7203125 0.018750000000000003 0.015625
2 0.58828125 0.7890625 0.2265625 0.1125
2 0.6531250000000001 0.75546875 0.0125 0.0171875
2 0.6414062500000001 0.71875 0.004687500000000001 0.00625
2 0.6421875 0.7367187500000001 0.003125 0.004687500000000001
2 0.70234375 0.9484375 0.0484375 0.034375
2 0.4296875 0.7937500000000001 0.018750000000000003 0.040625
