2 0.07265625 0.31328125 0.045312500000000006 0.06406250000000001
2 0.1921875 0.3484375 0.096875 0.07187500000000001
2 0.1203125 0.09921875000000001 0.096875 0.060937500000000006
2 0.49843750000000003 0.03515625 0.13125 0.0671875
2 0.296875 0.184375 0.025 0.03125
2 0.26484375 0.14921875 0.029687500000000002 0.06406250000000001
2 0.2578125 0.21875 0.06875 0.040625
2 0.23750000000000002 0.18906250000000002 0.046875 0.037500000000000006
2 0.19296875000000002 0.16718750000000002 0.060937500000000006 0.03125
2 0.53515625 0.35859375000000004 0.0703125 0.0921875
0 0.7859375000000001 0.46640625 0.43125 0.2484375
2 0.3046875 0.6109375 0.16875 0.040625
2 0.02421875 0.62890625 0.045312500000000006 0.0765625
2 0.029687500000000002 0.7210937500000001 0.05625 0.060937500000000006
2 0.0859375 0.7718750000000001 0.05625 0.078125
2 0.52265625 0.78828125 0.09531250000000001 0.15156250000000002
