0 0.72265625 0.10390625 0.4421875 0.20468750000000002
2 0.2890625 0.83203125 0.1375 0.2609375
2 0.41796875 0.88203125 0.16718750000000002 0.2390625
2 0.45546875000000003 0.6156250000000001 0.0921875 0.15937500000000002
2 0.17343750000000002 0.32578125 0.05 0.029687500000000002
2 0.47187500000000004 0.321875 0.059375000000000004 0.021875000000000002
2 0.42031250000000003 0.32734375000000004 0.096875 0.0328125
2 0.34609375000000003 0.31328125 0.0546875 0.004687500000000001
2 0.29921875000000003 0.3171875 0.045312500000000006 0.0125
2 0.35703125 0.38906250000000003 0.0890625 0.08125
2 0.41640625000000003 0.38671875 0.15156250000000002 0.1265625
2 0.37031250000000004 0.6109375 0.25 0.16875
2 0.7992187500000001 0.7039062500000001 0.0484375 0.0390625
2 0.70078125 0.83359375 0.2015625 0.1265625
2 0.82421875 0.86875 0.0921875 0.043750000000000004
2 0.9242187500000001 0.9187500000000001 0.1546875 0.10625000000000001
2 0.9734375000000001 0.9398437500000001 0.05625 0.1234375
2 0.9515625000000001 0.9617187500000001 0.1 0.07968750000000001
2 0.9765625 0.5734375 0.05 0.053125000000000006
