2 0.40468750000000003 0.0125 0.009375000000000001 0.00625
2 0.39375000000000004 0.028125 0.021875000000000002 0.0125
2 0.44609375 0.0078125 0.010937500000000001 0.0125
2 0.36875 0.278125 0.015625 0.009375000000000001
2 0.34687500000000004 0.28828125 0.0125 0.0171875
2 0.13203125000000002 0.1875 0.0140625 0.009375000000000001
2 0.28515625 0.21875 0.0171875 0.015625
2 0.39687500000000003 0.08125 0.009375000000000001 0.0125
2 0.46015625000000004 0.2921875 0.0171875 0.09375
2 0.578125 0.3671875 0.015625 0.0125
2 0.5625 0.39765625000000004 0.0125 0.0078125
2 0.2671875 0.7718750000000001 0.290625 0.290625
2 0.16171875000000002 0.6140625000000001 0.1796875 0.05
2 0.2390625 0.553125 0.03125 0.018750000000000003
2 0.9890625000000001 0.43125 0.021875000000000002 0.015625
2 0.73828125 0.51796875 0.07968750000000001 0.07968750000000001
2 0.6976562500000001 0.5796875 0.0140625 0.0125
2 0.5796875 0.5281250000000001 0.015625 0.0125
2 0.45390625 0.5859375 0.004687500000000001 0.018750000000000003
2 0.47265625 0.52734375 0.0421875 0.0421875
2 0.51796875 0.42500000000000004 0.1328125 0.046875
2 0.6109375 0.6171875 0.040625 0.0625
2 0.47968750000000004 0.69140625 0.05625 0.09531250000000001
2 0.5242187500000001 0.8171875000000001 0.0234375 0.018750000000000003
2 0.7921875 0.71875 0.028125 0.021875000000000002
2 0.80625 0.7734375 0.018750000000000003 0.03125
2 0.69921875 0.83984375 0.029687500000000002 0.026562500000000003
2 0.65 0.8914062500000001 0.015625 0.0171875
2 0.6984375 0.9078125 0.021875000000000002 0.018750000000000003
2 0.5625 0.9875 0.0125 0.015625
2 0.6515625 0.98984375 0.018750000000000003 0.0140625
2 0.6875 0.94453125 0.028125 0.0234375
