2 0.46953125 0.12890625 0.0234375 0.0421875
2 0.32578125 0.004687500000000001 0.0203125 0.00625
2 0.8304687500000001 0.032031250000000004 0.09843750000000001 0.060937500000000006
2 0.9828125000000001 0.16875 0.037500000000000006 0.037500000000000006
2 0.8546875 0.16484375 0.09375 0.0546875
2 0.6953125 0.15937500000000002 0.09375 0.07500000000000001
2 0.8835937500000001 0.2609375 0.22031250000000002 0.12812500000000002
2 0.909375 0.32265625000000003 0.184375 0.0734375
2 0.78046875 0.27421875 0.0546875 0.045312500000000006
2 0.7546875000000001 0.3046875 0.043750000000000004 0.025
2 0.6125 0.24375000000000002 0.16562500000000002 0.078125
1 0.7093750000000001 0.9046875000000001 0.45625000000000004 0.19375
