2 0.42500000000000004 0.33906250000000004 0.13125 0.503125
2 0.728125 0.42578125 0.215625 0.06406250000000001
2 0.66171875 0.55703125 0.0921875 0.0671875
2 0.32578125 0.6015625 0.06406250000000001 0.021875000000000002
2 0.2515625 0.63828125 0.018750000000000003 0.0203125
2 0.24453125 0.69296875 0.0140625 0.0171875
2 0.30234375 0.7117187500000001 0.0171875 0.0203125
2 0.3359375 0.98359375 0.096875 0.035937500000000004
2 0.35468750000000004 0.9539062500000001 0.028125 0.026562500000000003
2 0.3875 0.9281250000000001 0.018750000000000003 0.040625
2 0.33828125000000003 0.884375 0.0328125 0.021875000000000002
2 0.34296875000000004 0.83515625 0.0234375 0.0234375
2 0.36562500000000003 0.8546875 0.034375 0.028125
2 0.18281250000000002 0.9695312500000001 0.08125 0.06406250000000001
2 0.13828125 0.9359375000000001 0.035937500000000004 0.059375000000000004
2 0.20546875 0.8757812500000001 0.0171875 0.0140625
2 0.23125 0.796875 0.037500000000000006 0.021875000000000002
2 0.17421875 0.85078125 0.060937500000000006 0.051562500000000004
2 0.29296875 0.84765625 0.029687500000000002 0.035937500000000004
2 0.309375 0.78515625 0.065625 0.029687500000000002
2 0.359375 0.80625 0.025 0.028125
2 0.3125 0.7601562500000001 0.065625 0.029687500000000002
2 0.2171875 0.7734375 0.009375000000000001 0.003125
1 0.81015625 0.79609375 0.3828125 0.4109375
