1 0.1609375 0.07109375 0.3125 0.1390625
1 0.11640625 0.2421875 0.22968750000000002 0.1875
1 0.2421875 0.296875 0.31875000000000003 0.08750000000000001
2 0.5828125000000001 0.1078125 0.16875 0.07187500000000001
2 0.47187500000000004 0.15625 0.0625 0.10625000000000001
2 0.43125 0.0765625 0.059375000000000004 0.15000000000000002
2 0.4234375 0.025781250000000002 0.043750000000000004 0.0484375
2 0.48125 0.278125 0.06875 0.07500000000000001
2 0.525 0.32109375 0.07187500000000001 0.0390625
2 0.7585937500000001 0.328125 0.13593750000000002 0.025
2 0.7273437500000001 0.209375 0.1390625 0.0625
1 0.2015625 0.7453125 0.4 0.30625
1 0.6515625 0.67109375 0.5 0.6609375000000001
