2 0.08515625 0.0203125 0.0546875 0.037500000000000006
2 0.12187500000000001 0.025781250000000002 0.053125000000000006 0.0484375
2 0.15234375 0.02890625 0.0484375 0.0546875
2 0.4109375 0.10546875 0.015625 0.0140625
2 0.45 0.1078125 0.015625 0.009375000000000001
2 0.4265625 0.1203125 0.018750000000000003 0.009375000000000001
2 0.1203125 0.20468750000000002 0.065625 0.034375
2 0.14765625000000002 0.26640625 0.0484375 0.026562500000000003
2 0.12109375 0.30703125000000003 0.1203125 0.051562500000000004
2 0.15625 0.34453125 0.06875 0.051562500000000004
1 0.7585937500000001 0.1859375 0.4140625 0.36875
0 0.1625 0.796875 0.321875 0.28750000000000003
0 0.43515625 0.453125 0.2328125 0.16562500000000002
2 0.5593750000000001 0.3875 0.015625 0.03125
2 0.9187500000000001 0.6078125000000001 0.043750000000000004 0.059375000000000004
2 0.68359375 0.95078125 0.0234375 0.029687500000000002
