1 0.38515625000000003 0.32656250000000003 0.37031250000000004 0.65
2 0.9929687500000001 0.6015625 0.0171875 0.07500000000000001
2 0.9671875000000001 0.48281250000000003 0.06875 0.06875
2 0.90390625 0.6203125 0.026562500000000003 0.025
2 0.8148437500000001 0.6429687500000001 0.060937500000000006 0.0171875
2 0.82734375 0.625 0.026562500000000003 0.018750000000000003
2 0.5078125 0.7054687500000001 0.021875000000000002 0.029687500000000002
2 0.54296875 0.74921875 0.0171875 0.0203125
2 0.39687500000000003 0.796875 0.025 0.025
2 0.35781250000000003 0.85078125 0.034375 0.0328125
2 0.40078125000000003 0.9171875 0.0484375 0.03125
1 0.82578125 0.79609375 0.3515625 0.2890625
