2 0.1953125 0.21640625000000002 0.040625 0.026562500000000003
2 0.26796875000000003 0.2609375 0.0578125 0.043750000000000004
2 0.328125 0.4 0.084375 0.14375000000000002
2 0.35078125000000004 0.54921875 0.035937500000000004 0.0328125
2 0.43281250000000004 0.5640625 0.021875000000000002 0.025
2 0.375 0.8617187500000001 0.11875000000000001 0.07968750000000001
2 0.38203125000000004 0.2546875 0.0390625 0.03125
2 0.41875 0.29375 0.037500000000000006 0.03125
2 0.47500000000000003 0.328125 0.040625 0.043750000000000004
2 0.40234375 0.34609375000000003 0.0390625 0.026562500000000003
2 0.43671875000000004 0.40859375000000003 0.0421875 0.0578125
2 0.5375 0.4140625 0.021875000000000002 0.021875000000000002
2 0.5593750000000001 0.484375 0.028125 0.034375
2 0.51953125 0.55859375 0.07968750000000001 0.1421875
2 0.6414062500000001 0.6257812500000001 0.035937500000000004 0.0484375
2 0.47265625 0.696875 0.026562500000000003 0.034375
2 0.8359375 0.6273437500000001 0.078125 0.060937500000000006
2 0.61484375 0.7664062500000001 0.1921875 0.1328125
2 0.821875 0.7757812500000001 0.109375 0.13593750000000002
2 0.78671875 0.9484375 0.0859375 0.1
2 0.7406250000000001 0.26015625000000003 0.03125 0.0328125
