0 0.27734375 0.27109375 0.5515625000000001 0.5390625
2 0.9125000000000001 0.11171875 0.178125 0.22031250000000002
2 0.8210937500000001 0.38593750000000004 0.3609375 0.309375
2 0.1375 0.6765625000000001 0.037500000000000006 0.028125
2 0.17109375000000002 0.7273437500000001 0.0546875 0.035937500000000004
2 0.1546875 0.6453125000000001 0.021875000000000002 0.015625
2 0.24921875000000002 0.7515625 0.060937500000000006 0.034375
2 0.18515625000000002 0.88671875 0.035937500000000004 0.035937500000000004
2 0.34375 0.83359375 0.09062500000000001 0.0734375
2 0.28828125 0.8578125000000001 0.1203125 0.08125
2 0.18281250000000002 0.9867187500000001 0.03125 0.029687500000000002
2 0.22734375 0.9796875 0.0328125 0.043750000000000004
1 0.7914062500000001 0.6453125000000001 0.42031250000000003 0.209375
1 0.7015625000000001 0.8445312500000001 0.240625 0.3140625
