1 0.23828125 0.22109375 0.4734375 0.4390625
2 0.6453125000000001 0.014843750000000001 0.05 0.026562500000000003
2 0.01640625 0.7757812500000001 0.029687500000000002 0.0390625
2 0.39921875 0.8359375 0.0671875 0.05625
2 0.39375000000000004 0.9390625 0.084375 0.09375
2 0.1046875 0.64765625 0.2 0.1265625
2 0.014843750000000001 0.6125 0.026562500000000003 0.043750000000000004
2 0.703125 0.665625 0.234375 0.225
2 0.6507812500000001 0.48203125 0.1765625 0.08281250000000001
2 0.9242187500000001 0.52109375 0.1046875 0.1296875
