2 0.6671875 0.3765625 0.215625 0.08125
2 0.7109375 0.46171875 0.12187500000000001 0.1046875
2 0.73203125 0.6195312500000001 0.1640625 0.1171875
2 0.7210937500000001 0.7250000000000001 0.1171875 0.065625
2 0.5140625 0.7367187500000001 0.08750000000000001 0.0890625
2 0.603125 0.7156250000000001 0.078125 0.1
2 0.61328125 0.6453125000000001 0.0921875 0.10625000000000001
2 0.49062500000000003 0.65390625 0.12812500000000002 0.11406250000000001
2 0.3796875 0.42500000000000004 0.29375 0.209375
2 0.16328125000000002 0.46484375 0.0703125 0.0890625
2 0.15781250000000002 0.521875 0.0625 0.03125
