3 0.34609375000000003 0.23671875 0.5703125 0.4078125
1 0.9281250000000001 0.22109375 0.146875 0.4390625
2 0.2 0.5984375000000001 0.065625 0.078125
2 0.27734375 0.59609375 0.0171875 0.0203125
2 0.19765625 0.553125 0.0171875 0.018750000000000003
2 0.34687500000000004 0.628125 0.0625 0.053125000000000006
2 0.30312500000000003 0.640625 0.009375000000000001 0.0125
2 0.42890625000000004 0.8 0.0234375 0.028125
2 0.44375000000000003 0.84765625 0.021875000000000002 0.029687500000000002
3 0.7625000000000001 0.64765625 0.2625 0.4140625
