2 0.5265625 0.09296875 0.059375000000000004 0.0390625
2 0.209375 0.07578125000000001 0.084375 0.0578125
2 0.2234375 0.134375 0.059375000000000004 0.043750000000000004
2 0.28984375 0.1546875 0.026562500000000003 0.021875000000000002
2 0.6804687500000001 0.18906250000000002 0.060937500000000006 0.053125000000000006
2 0.32890625 0.45703125 0.060937500000000006 0.0484375
2 0.15000000000000002 0.67734375 0.046875 0.0421875
2 0.15781250000000002 0.74609375 0.037500000000000006 0.0421875
2 0.178125 0.8390625 0.043750000000000004 0.05
2 0.55390625 0.47578125000000004 0.0421875 0.0421875
2 0.76171875 0.70625 0.029687500000000002 0.034375
2 0.42031250000000003 0.54453125 0.03125 0.0390625
2 0.42109375000000004 0.6218750000000001 0.09531250000000001 0.08750000000000001
2 0.44140625 0.796875 0.17343750000000002 0.225
2 0.5320312500000001 0.9554687500000001 0.0421875 0.0921875
2 0.55078125 0.9078125 0.026562500000000003 0.025
2 0.46328125000000003 0.97265625 0.0734375 0.0578125
2 0.6171875 0.7546875000000001 0.1625 0.28125
2 0.671875 0.39375000000000004 0.12187500000000001 0.1375
2 0.74765625 0.30859375 0.1484375 0.1328125
2 0.6687500000000001 0.10234375000000001 0.146875 0.11406250000000001
2 0.8226562500000001 0.17734375000000002 0.0328125 0.0140625
2 0.8500000000000001 0.09531250000000001 0.053125000000000006 0.028125
2 0.7578125 0.06406250000000001 0.065625 0.053125000000000006
2 0.79296875 0.09765625 0.07968750000000001 0.0546875
2 0.33203125 0.037500000000000006 0.045312500000000006 0.043750000000000004
2 0.28671875 0.03671875 0.0328125 0.026562500000000003
2 0.29296875 0.0078125 0.0203125 0.0125
2 0.31328125 0.0671875 0.0171875 0.015625
2 0.33359375 0.08125 0.0140625 0.0125
2 0.14921875 0.02109375 0.0421875 0.029687500000000002
