1 0.84296875 0.28671875 0.3171875 0.5671875000000001
1 0.83203125 0.04609375 0.3140625 0.0890625
1 0.5546875 0.23593750000000002 0.253125 0.2625
1 0.1609375 0.7015625000000001 0.31875000000000003 0.2625
2 0.7679687500000001 0.8640625000000001 0.0546875 0.05625
2 0.78046875 0.94921875 0.026562500000000003 0.035937500000000004
2 0.815625 0.9421875000000001 0.034375 0.028125
2 0.8484375000000001 0.98203125 0.043750000000000004 0.0390625
2 0.690625 0.9203125000000001 0.025 0.028125
2 0.571875 0.94296875 0.040625 0.0421875
2 0.6671875 0.99765625 0.05 0.0078125
2 0.47500000000000003 0.9812500000000001 0.021875000000000002 0.040625
2 0.4609375 0.8296875 0.018750000000000003 0.07187500000000001
2 0.4078125 0.878125 0.021875000000000002 0.037500000000000006
2 0.5875 0.784375 0.053125000000000006 0.07187500000000001
2 0.6179687500000001 0.86640625 0.045312500000000006 0.0328125
2 0.665625 0.7210937500000001 0.1 0.0421875
2 0.3828125 0.734375 0.125 0.12187500000000001
