3 0.19140625 0.31093750000000003 0.3796875 0.4
2 0.5015625 0.384375 0.040625 0.028125
2 0.40156250000000004 0.353125 0.03125 0.025
2 0.42421875000000003 0.31093750000000003 0.0140625 0.015625
2 0.44765625000000003 0.31875000000000003 0.0203125 0.0125
2 0.44375000000000003 0.18281250000000002 0.028125 0.018750000000000003
2 0.59296875 0.35078125000000004 0.045312500000000006 0.029687500000000002
2 0.628125 0.26875 0.05 0.06875
2 0.6351562500000001 0.21015625000000002 0.0421875 0.0328125
2 0.421875 0.065625 0.0625 0.053125000000000006
2 0.49296875 0.0703125 0.0671875 0.1
2 0.46718750000000003 0.00859375 0.043750000000000004 0.0140625
2 0.5476562500000001 0.0171875 0.07968750000000001 0.03125
2 0.5906250000000001 0.109375 0.1125 0.125
2 0.6257812500000001 0.021875000000000002 0.029687500000000002 0.040625
2 0.66015625 0.053125000000000006 0.051562500000000004 0.10312500000000001
2 0.73984375 0.26484375 0.1390625 0.0765625
2 0.82734375 0.18515625000000002 0.09531250000000001 0.1265625
2 0.85703125 0.125 0.0328125 0.05
2 0.8484375000000001 0.30390625000000004 0.13125 0.09531250000000001
2 0.8515625 0.35781250000000003 0.19687500000000002 0.084375
2 0.9875 0.25078125 0.028125 0.1203125
2 0.9515625000000001 0.225 0.053125000000000006 0.084375
2 0.209375 0.884375 0.21875 0.0625
2 0.14453125 0.7468750000000001 0.09531250000000001 0.07187500000000001
