2 0.3453125 0.025781250000000002 0.059375000000000004 0.0484375
2 0.19140625 0.15546875000000002 0.07968750000000001 0.06406250000000001
2 0.25625000000000003 0.07890625000000001 0.1 0.1265625
1 0.821875 0.134375 0.359375 0.265625
2 0.42500000000000004 0.7468750000000001 0.034375 0.025
2 0.2328125 0.48281250000000003 0.05 0.05625
2 0.15625 0.453125 0.037500000000000006 0.065625
2 0.82578125 0.7289062500000001 0.3515625 0.3796875
2 0.553125 0.6546875000000001 0.046875 0.07187500000000001
2 0.875 0.3640625 0.21250000000000002 0.025
