2 0.08046875 0.055468750000000004 0.035937500000000004 0.0546875
2 0.146875 0.27187500000000003 0.078125 0.078125
2 0.1875 0.3328125 0.0125 0.0125
2 0.30000000000000004 0.284375 0.0125 0.0125
2 0.43125 0.33906250000000004 0.021875000000000002 0.018750000000000003
2 0.4078125 0.2828125 0.046875 0.040625
2 0.37343750000000003 0.1390625 0.15625 0.134375
2 0.26953125 0.36484375 0.0390625 0.051562500000000004
0 0.7515625 0.2734375 0.5 0.234375
0 0.2515625 0.71015625 0.5 0.5828125000000001
3 0.7742187500000001 0.73359375 0.4546875 0.5359375000000001
