0 0.26015625000000003 0.2015625 0.5015625 0.4
2 0.86484375 0.02421875 0.0328125 0.045312500000000006
2 0.8210937500000001 0.06015625 0.060937500000000006 0.0671875
2 0.8078125 0.018750000000000003 0.021875000000000002 0.03125
2 0.728125 0.18359375 0.146875 0.1265625
2 0.79609375 0.29375 0.0859375 0.05625
2 0.52109375 0.3921875 0.0203125 0.018750000000000003
2 0.721875 0.34609375000000003 0.040625 0.0484375
1 0.31015625 0.86484375 0.40156250000000004 0.2734375
0 0.7921875 0.6820312500000001 0.41875 0.5609375
