2 0.26953125 0.26406250000000003 0.08281250000000001 0.037500000000000006
2 0.27968750000000003 0.41328125000000004 0.178125 0.1453125
2 0.26015625000000003 0.33203125 0.1203125 0.051562500000000004
2 0.275 0.30390625000000004 0.12187500000000001 0.0328125
2 0.23593750000000002 0.4859375 0.11875000000000001 0.1625
2 0.2734375 0.596875 0.203125 0.06875
2 0.08281250000000001 0.45859375 0.1625 0.1296875
2 0.09609375 0.4921875 0.0546875 0.043750000000000004
2 0.11093750000000001 0.3171875 0.07500000000000001 0.046875
2 0.025781250000000002 0.4109375 0.0484375 0.08125
0 0.7703125000000001 0.23984375000000002 0.4625 0.4765625
1 0.7562500000000001 0.7234375000000001 0.49062500000000003 0.184375
