2 0.49531250000000004 0.384375 0.03125 0.03125
2 0.47968750000000004 0.35703125 0.0125 0.0140625
2 0.1875 0.42031250000000003 0.034375 0.025
2 0.39453125 0.5828125000000001 0.0390625 0.046875
2 0.45390625 0.5734375 0.0328125 0.028125
2 0.50546875 0.5609375 0.026562500000000003 0.018750000000000003
2 0.565625 0.375 0.043750000000000004 0.046875
2 0.58515625 0.40468750000000003 0.035937500000000004 0.028125
2 0.6109375 0.36640625000000004 0.07187500000000001 0.0734375
2 0.6468750000000001 0.37734375000000003 0.021875000000000002 0.026562500000000003
2 0.70703125 0.4234375 0.1171875 0.10625000000000001
2 0.6609375000000001 0.40937500000000004 0.043750000000000004 0.025
2 0.78828125 0.41796875 0.0140625 0.010937500000000001
2 0.690625 0.35546875 0.0125 0.010937500000000001
