2 0.2109375 0.6578125 0.018750000000000003 0.0125
2 0.16328125000000002 0.77265625 0.0234375 0.010937500000000001
2 0.19687500000000002 0.78046875 0.021875000000000002 0.010937500000000001
2 0.2890625 0.81015625 0.034375 0.0421875
2 0.3796875 0.78671875 0.034375 0.051562500000000004
2 0.44375000000000003 0.5789062500000001 0.07500000000000001 0.0734375
2 0.48281250000000003 0.5203125000000001 0.0125 0.0125
2 0.5906250000000001 0.5671875000000001 0.0125 0.0125
2 0.71484375 0.51484375 0.0203125 0.0171875
2 0.69296875 0.56953125 0.045312500000000006 0.0390625
2 0.66015625 0.7046875 0.1484375 0.12812500000000002
2 0.5609375 0.4859375 0.037500000000000006 0.05625
2 0.69453125 0.41640625000000003 0.0734375 0.0890625
2 0.6421875 0.30078125 0.021875000000000002 0.0171875
2 0.39296875000000003 0.3921875 0.026562500000000003 0.018750000000000003
2 0.38125000000000003 0.340625 0.018750000000000003 0.028125
2 0.47968750000000004 0.27968750000000003 0.028125 0.025
2 0.52578125 0.23125 0.0140625 0.015625
2 0.48046875 0.21640625000000002 0.0203125 0.0171875
2 0.60703125 0.14296875 0.010937500000000001 0.0140625
2 0.5242187500000001 0.14140625 0.0171875 0.0140625
2 0.44296875 0.11406250000000001 0.029687500000000002 0.018750000000000003
2 0.49140625000000004 0.18281250000000002 0.026562500000000003 0.021875000000000002
