1 0.13125 0.28125 0.259375 0.5593750000000001
2 0.8140625 0.30625 0.084375 0.16875
2 0.5710937500000001 0.07578125000000001 0.2890625 0.1484375
2 0.47265625 0.09843750000000001 0.19843750000000002 0.16562500000000002
2 0.8671875 0.04453125 0.18125000000000002 0.0859375
2 0.29765625 0.23203125000000002 0.0734375 0.08281250000000001
2 0.2859375 0.9328125 0.05 0.07187500000000001
2 0.61328125 0.6742187500000001 0.0921875 0.0671875
2 0.52265625 0.5734375 0.029687500000000002 0.025
2 0.8078125 0.74375 0.05 0.043750000000000004
2 0.5375 0.846875 0.03125 0.018750000000000003
