1 0.41250000000000003 0.253125 0.478125 0.15625
1 0.36562500000000003 0.11875000000000001 0.534375 0.10625000000000001
1 0.36250000000000004 0.7195312500000001 0.578125 0.5296875
1 0.0328125 0.8757812500000001 0.0625 0.22031250000000002
2 0.6648437500000001 0.946875 0.0203125 0.021875000000000002
2 0.72578125 0.9578125000000001 0.026562500000000003 0.046875
2 0.7835937500000001 0.96484375 0.0203125 0.026562500000000003
2 0.821875 0.9671875000000001 0.015625 0.0125
2 0.74921875 0.9382812500000001 0.029687500000000002 0.0328125
2 0.734375 0.8859375 0.0625 0.059375000000000004
2 0.72578125 0.92109375 0.026562500000000003 0.029687500000000002
2 0.66015625 0.83203125 0.0171875 0.0203125
2 0.6546875000000001 0.77734375 0.00625 0.0171875
2 0.71015625 0.7601562500000001 0.0171875 0.0203125
2 0.74375 0.4625 0.096875 0.08125
2 0.7625000000000001 0.51796875 0.028125 0.026562500000000003
2 0.7953125000000001 0.5437500000000001 0.018750000000000003 0.040625
2 0.74375 0.5859375 0.03125 0.021875000000000002
2 0.74921875 0.63671875 0.0234375 0.0234375
2 0.7718750000000001 0.6156250000000001 0.034375 0.028125
2 0.69921875 0.62421875 0.029687500000000002 0.035937500000000004
2 0.7156250000000001 0.68671875 0.065625 0.029687500000000002
2 0.7679687500000001 0.6640625 0.0234375 0.028125
2 0.71875 0.7117187500000001 0.065625 0.029687500000000002
