2 0.2515625 0.3671875 0.134375 0.15937500000000002
2 0.171875 0.296875 0.046875 0.084375
2 0.35625 0.018750000000000003 0.16562500000000002 0.034375
0 0.7601562500000001 0.4296875 0.48281250000000003 0.4625
3 0.24140625000000002 0.83125 0.47968750000000004 0.340625
2 0.5359375000000001 0.99375 0.040625 0.015625
2 0.6468750000000001 0.8968750000000001 0.018750000000000003 0.06875
2 0.6984375 0.9437500000000001 0.021875000000000002 0.037500000000000006
2 0.5203125000000001 0.8500000000000001 0.053125000000000006 0.07187500000000001
2 0.496875 0.9320312500000001 0.03125 0.0328125
2 0.7234375000000001 0.8015625000000001 0.125 0.12187500000000001
2 0.8875000000000001 0.9007812500000001 0.046875 0.035937500000000004
