0 0.22109375 0.1859375 0.4390625 0.36875
1 0.7210937500000001 0.3796875 0.5609375 0.28125
2 0.24609375 0.671875 0.08281250000000001 0.03125
2 0.26640625 0.7273437500000001 0.0234375 0.026562500000000003
2 0.13828125 0.7546875000000001 0.0484375 0.053125000000000006
2 0.08671875000000001 0.78125 0.0171875 0.015625
2 0.032031250000000004 0.8382812500000001 0.0484375 0.0390625
2 0.026562500000000003 0.80625 0.015625 0.021875000000000002
2 0.1265625 0.9171875 0.084375 0.1625
2 0.19765625 0.8929687500000001 0.0140625 0.0234375
2 0.10546875 0.9890625000000001 0.0140625 0.018750000000000003
2 0.178125 0.971875 0.018750000000000003 0.025
2 0.37421875000000004 0.7117187500000001 0.029687500000000002 0.010937500000000001
2 0.1609375 0.72421875 0.06875 0.0484375
2 0.12421875 0.68359375 0.0203125 0.0140625
2 0.04296875 0.65390625 0.0328125 0.0171875
2 0.13125 0.66328125 0.040625 0.0328125
2 0.0421875 0.9515625000000001 0.08125 0.1
2 0.045312500000000006 0.8875000000000001 0.053125000000000006 0.046875
1 0.7210937500000001 0.68515625 0.5609375 0.3296875
