2 0.00703125 0.4296875 0.010937500000000001 0.034375
2 0.078125 0.446875 0.021875000000000002 0.025
2 0.025 0.12812500000000002 0.040625 0.03125
2 0.065625 0.16875 0.037500000000000006 0.03125
2 0.12265625000000001 0.203125 0.0421875 0.043750000000000004
2 0.046875 0.22187500000000002 0.040625 0.025
2 0.08281250000000001 0.284375 0.040625 0.059375000000000004
2 0.1859375 0.290625 0.021875000000000002 0.021875000000000002
2 0.21015625000000002 0.36250000000000004 0.029687500000000002 0.034375
2 0.16562500000000002 0.4390625 0.08125 0.146875
2 0.2921875 0.5078125 0.037500000000000006 0.05
2 0.11875000000000001 0.58125 0.028125 0.034375
2 0.26406250000000003 0.6023437500000001 0.19687500000000002 0.035937500000000004
2 0.39453125 0.13359375 0.0328125 0.0328125
1 0.6359375 0.31093750000000003 0.40937500000000004 0.61875
0 0.12578125 0.8109375000000001 0.2484375 0.38125000000000003
0 0.19609375 0.93671875 0.21406250000000002 0.1296875
2 0.61484375 0.74921875 0.1953125 0.1796875
2 0.628125 0.8796875000000001 0.037500000000000006 0.021875000000000002
2 0.8140625 0.8453125 0.018750000000000003 0.018750000000000003
2 0.47109375000000003 0.7406250000000001 0.026562500000000003 0.0125
2 0.67734375 0.9921875 0.035937500000000004 0.018750000000000003
