0 0.2234375 0.1875 0.215625 0.12812500000000002
2 0.5265625 0.23750000000000002 0.025 0.025
2 0.83515625 0.16875 0.035937500000000004 0.025
2 0.6570312500000001 0.20859375000000002 0.0484375 0.0546875
2 0.7093750000000001 0.18281250000000002 0.018750000000000003 0.015625
2 0.76484375 0.125 0.0484375 0.040625
2 0.76875 0.15781250000000002 0.015625 0.021875000000000002
2 0.8093750000000001 0.13359375 0.021875000000000002 0.0203125
2 0.7984375 0.10859375 0.009375000000000001 0.0171875
2 0.6664062500000001 0.06328125 0.0859375 0.1234375
2 0.59765625 0.0703125 0.0140625 0.025
2 0.41796875 0.24921875000000002 0.029687500000000002 0.004687500000000001
2 0.6335937500000001 0.2328125 0.0703125 0.037500000000000006
2 0.7523437500000001 0.03125 0.08281250000000001 0.059375000000000004
2 0.75 0.07500000000000001 0.053125000000000006 0.046875
2 0.9203125000000001 0.0078125 0.03125 0.0125
2 0.8851562500000001 0.0546875 0.029687500000000002 0.018750000000000003
2 0.90625 0.0734375 0.03125 0.0125
1 0.178125 0.6296875000000001 0.30625 0.74375
1 0.821875 0.6265625 0.359375 0.75
1 0.53046875 0.4390625 0.1921875 0.375
