1 0.3515625 0.15390625000000002 0.29375 0.2546875
2 0.5875 0.5296875 0.09375 0.1375
2 0.9710937500000001 0.415625 0.060937500000000006 0.05
2 0.9046875000000001 0.4140625 0.043750000000000004 0.05
2 0.64609375 0.3375 0.11093750000000001 0.096875
2 0.62890625 0.23359375000000002 0.06406250000000001 0.051562500000000004
2 0.36875 0.8203125 0.184375 0.23750000000000002
3 0.8523437500000001 0.78515625 0.2984375 0.3671875
3 0.62265625 0.6687500000000001 0.09843750000000001 0.134375
3 0.8210937500000001 0.9500000000000001 0.2484375 0.10312500000000001
