3 0.353125 0.36328125 0.215625 0.4453125
3 0.140625 0.34687500000000004 0.278125 0.46875
0 0.7609375 0.35703125 0.36562500000000003 0.5078125
1 0.2015625 0.80625 0.4 0.390625
2 0.49609375 0.8109375000000001 0.0703125 0.1625
2 0.921875 0.675 0.09062500000000001 0.07187500000000001
2 0.75390625 0.7375 0.15156250000000002 0.215625
2 0.65625 0.8187500000000001 0.153125 0.33125000000000004
2 0.55703125 0.90390625 0.11093750000000001 0.1953125
2 0.51796875 0.6820312500000001 0.11406250000000001 0.0921875
2 0.55625 0.6203125 0.153125 0.018750000000000003
