3 0.22187500000000002 0.25 0.27187500000000003 0.325
3 0.46640625 0.353125 0.1640625 0.296875
1 0.8609375 0.17109375000000002 0.28125 0.33906250000000004
2 0.859375 0.7171875000000001 0.146875 0.0625
2 0.83515625 0.65625 0.0546875 0.015625
2 0.9625 0.6625000000000001 0.078125 0.046875
2 0.9828125000000001 0.8296875 0.037500000000000006 0.1875
2 0.9398437500000001 0.7640625000000001 0.029687500000000002 0.015625
2 0.9140625 0.84296875 0.05625 0.13593750000000002
2 0.8617187500000001 0.8132812500000001 0.0703125 0.06406250000000001
2 0.78828125 0.85859375 0.0671875 0.1203125
2 0.7390625000000001 0.8828125 0.037500000000000006 0.084375
