0 0.20625000000000002 0.21015625000000002 0.40937500000000004 0.41718750000000004
2 0.7156250000000001 0.2171875 0.03125 0.043750000000000004
2 0.78046875 0.26015625000000003 0.0140625 0.0234375
2 0.7078125000000001 0.28125 0.03125 0.034375
2 0.7367187500000001 0.25546875 0.010937500000000001 0.0140625
2 0.6828125 0.22812500000000002 0.037500000000000006 0.040625
2 0.66328125 0.2734375 0.0421875 0.040625
2 0.64453125 0.25 0.010937500000000001 0.0125
2 0.53828125 0.34296875000000004 0.010937500000000001 0.0171875
3 0.26484375 0.6726562500000001 0.2921875 0.34218750000000003
1 0.5390625 0.65625 0.25625000000000003 0.296875
1 0.8015625000000001 0.81640625 0.15000000000000002 0.1203125
1 0.6687500000000001 0.9476562500000001 0.26875 0.1078125
