1 0.1765625 0.2421875 0.35000000000000003 0.4375
2 0.46718750000000003 0.1953125 0.025 0.028125
2 0.44140625 0.45546875000000003 0.0234375 0.010937500000000001
1 0.10546875 0.67734375 0.2078125 0.43281250000000004
2 0.82578125 0.74375 0.029687500000000002 0.034375
2 0.7265625 0.77109375 0.10625000000000001 0.0734375
2 0.659375 0.7523437500000001 0.03125 0.0484375
2 0.6703125000000001 0.7093750000000001 0.037500000000000006 0.040625
2 0.8515625 0.65625 0.07500000000000001 0.034375
2 0.74765625 0.61484375 0.11093750000000001 0.026562500000000003
2 0.4625 0.6296875000000001 0.109375 0.06875
2 0.7265625 1.0 0.025 0.003125
2 0.6179687500000001 0.93125 0.0328125 0.021875000000000002
2 0.484375 0.88828125 0.037500000000000006 0.0421875
