3 0.065625 0.43281250000000004 0.12812500000000002 0.296875
3 0.19687500000000002 0.38125000000000003 0.07187500000000001 0.096875
1 0.61484375 0.2921875 0.4890625 0.578125
2 0.209375 0.7109375 0.18125000000000002 0.078125
2 0.328125 0.7640625000000001 0.06875 0.115625
2 0.35546875 0.6726562500000001 0.029687500000000002 0.1703125
2 0.31953125000000004 0.8929687500000001 0.0734375 0.07968750000000001
2 0.27109375 0.96015625 0.0765625 0.08281250000000001
2 0.047656250000000004 0.9609375 0.0921875 0.05625
2 0.065625 0.81953125 0.12812500000000002 0.0671875
2 0.63828125 0.9187500000000001 0.1859375 0.16562500000000002
2 0.4453125 0.7757812500000001 0.15000000000000002 0.35781250000000003
