2 0.7015625000000001 0.6273437500000001 0.053125000000000006 0.06406250000000001
2 0.6781250000000001 0.56875 0.03125 0.025
2 0.58984375 0.6468750000000001 0.0078125 0.00625
2 0.609375 0.6335937500000001 0.015625 0.0171875
2 0.55234375 0.6515625 0.010937500000000001 0.009375000000000001
2 0.5859375 0.68515625 0.021875000000000002 0.0171875
2 0.5953125 0.7406250000000001 0.0125 0.015625
2 0.5640625 0.7578125 0.018750000000000003 0.028125
2 0.45625000000000004 0.5164062500000001 0.025 0.0171875
2 0.33906250000000004 0.55625 0.021875000000000002 0.015625
2 0.353125 0.5359375000000001 0.009375000000000001 0.009375000000000001
2 0.3796875 0.5242187500000001 0.015625 0.010937500000000001
2 0.3953125 0.515625 0.0125 0.015625
2 0.40937500000000004 0.49843750000000003 0.009375000000000001 0.00625
2 0.41875 0.48515625 0.018750000000000003 0.010937500000000001
2 0.41640625000000003 0.53359375 0.0140625 0.0140625
2 0.3796875 0.5476562500000001 0.0125 0.0078125
2 0.31953125000000004 0.52578125 0.010937500000000001 0.010937500000000001
2 0.31562500000000004 0.50546875 0.009375000000000001 0.010937500000000001
2 0.36875 0.50390625 0.015625 0.010937500000000001
2 0.44296875 0.253125 0.0140625 0.009375000000000001
2 0.46328125000000003 0.24375000000000002 0.010937500000000001 0.015625
2 0.6625000000000001 0.33828125000000003 0.0125 0.0078125
2 0.521875 0.30859375 0.015625 0.0140625
2 0.41640625000000003 0.43671875000000004 0.0078125 0.010937500000000001
