2 0.35234375 0.42890625000000004 0.1078125 0.2015625
2 0.26328125 0.40078125000000003 0.09531250000000001 0.1640625
2 0.184375 0.384375 0.0625 0.1125
2 0.35625 0.15937500000000002 0.19062500000000002 0.278125
2 0.40703125 0.24921875000000002 0.0890625 0.1234375
2 0.21640625000000002 0.22812500000000002 0.09531250000000001 0.134375
2 0.1796875 0.1703125 0.12812500000000002 0.246875
2 0.11328125 0.20390625 0.1015625 0.1546875
2 0.12578125 0.35468750000000004 0.0546875 0.1
2 0.06796875000000001 0.35546875 0.0671875 0.1203125
0 0.7562500000000001 0.4390625 0.49062500000000003 0.325
2 0.09375 0.62109375 0.08750000000000001 0.0390625
2 0.13671875 0.8093750000000001 0.045312500000000006 0.06875
2 0.022656250000000003 0.875 0.0421875 0.115625
2 0.01953125 0.9359375000000001 0.035937500000000004 0.06875
1 0.7265625 0.8343750000000001 0.55 0.33437500000000003
1 0.51953125 0.6507812500000001 0.13593750000000002 0.09843750000000001
