2 0.0328125 0.25390625 0.0625 0.035937500000000004
2 0.01953125 0.2015625 0.035937500000000004 0.028125
2 0.83359375 0.02109375 0.06406250000000001 0.0390625
2 0.76171875 0.00703125 0.0171875 0.010937500000000001
2 0.696875 0.0328125 0.059375000000000004 0.05
2 0.7375 0.04609375 0.009375000000000001 0.010937500000000001
2 0.61875 0.19453125000000002 0.021875000000000002 0.026562500000000003
2 0.60546875 0.2390625 0.0203125 0.028125
2 0.15156250000000002 0.7406250000000001 0.30000000000000004 0.253125
2 0.0703125 0.940625 0.028125 0.040625
2 0.5765625 0.58125 0.043750000000000004 0.025
2 0.5390625 0.6390625000000001 0.0625 0.059375000000000004
2 0.8718750000000001 0.6023437500000001 0.12187500000000001 0.08281250000000001
2 0.86328125 0.74140625 0.15156250000000002 0.18281250000000002
2 0.8140625 0.8296875 0.11875000000000001 0.096875
2 0.7835937500000001 0.909375 0.0890625 0.184375
2 0.603125 0.95234375 0.07500000000000001 0.09843750000000001
2 0.64609375 0.8210937500000001 0.1453125 0.15781250000000002
2 0.634375 0.70859375 0.1125 0.0921875
2 0.69453125 0.5789062500000001 0.051562500000000004 0.035937500000000004
