2 0.6484375 0.8296875 0.053125000000000006 0.065625
2 0.5453125 0.71796875 0.05625 0.051562500000000004
2 0.39765625000000004 0.58984375 0.0765625 0.060937500000000006
2 0.46015625000000004 0.6625000000000001 0.09531250000000001 0.12187500000000001
2 0.58203125 0.30312500000000003 0.060937500000000006 0.05
2 0.5046875000000001 0.17890625000000002 0.046875 0.0234375
2 0.56796875 0.19843750000000002 0.0390625 0.053125000000000006
2 0.5671875000000001 0.15390625000000002 0.021875000000000002 0.026562500000000003
2 0.5828125000000001 0.12109375 0.018750000000000003 0.0171875
2 0.5007812500000001 0.078125 0.0234375 0.025
2 0.41484375 0.0484375 0.0171875 0.021875000000000002
2 0.37734375000000003 0.065625 0.0234375 0.028125
