2 0.3171875 0.1921875 0.065625 0.0625
2 0.61328125 0.41875 0.07968750000000001 0.059375000000000004
2 0.45937500000000003 0.5765625 0.043750000000000004 0.03125
2 0.534375 0.51484375 0.025 0.0390625
2 0.5421875 0.6109375 0.015625 0.025
2 0.29921875000000003 0.69296875 0.0890625 0.09531250000000001
2 0.4703125 0.71484375 0.059375000000000004 0.0703125
2 0.6804687500000001 0.8171875000000001 0.0671875 0.06875
2 0.7828125 0.35781250000000003 0.043750000000000004 0.037500000000000006
2 0.5484375 0.26875 0.028125 0.015625
