1 0.234375 0.30000000000000004 0.265625 0.309375
2 0.9906250000000001 0.10546875 0.021875000000000002 0.0421875
2 0.9046875000000001 0.1296875 0.034375 0.053125000000000006
2 0.84140625 0.34218750000000003 0.0765625 0.07500000000000001
2 0.8 0.4 0.0125 0.0125
2 0.690625 0.353125 0.0125 0.0125
2 0.56484375 0.40859375000000003 0.0203125 0.0171875
2 0.5859375 0.35234375 0.046875 0.0390625
2 0.62109375 0.2109375 0.15156250000000002 0.13125
2 0.7203125 0.43671875000000004 0.037500000000000006 0.0578125
2 0.584375 0.5078125 0.07500000000000001 0.09062500000000001
2 0.6375000000000001 0.6257812500000001 0.021875000000000002 0.0171875
2 0.8921875 0.53125 0.028125 0.018750000000000003
2 0.9046875000000001 0.584375 0.018750000000000003 0.028125
2 0.8031250000000001 0.6468750000000001 0.028125 0.025
2 0.75703125 0.6953125 0.0140625 0.015625
2 0.80390625 0.7117187500000001 0.0203125 0.0171875
2 0.7914062500000001 0.7375 0.026562500000000003 0.00625
1 0.6179687500000001 0.87109375 0.29531250000000003 0.2609375
