0 0.234375 0.2265625 0.465625 0.45
2 0.9703125 0.240625 0.040625 0.05625
2 0.86484375 0.27187500000000003 0.0859375 0.0625
2 0.9281250000000001 0.053125000000000006 0.084375 0.053125000000000006
2 0.596875 0.014843750000000001 0.1125 0.026562500000000003
2 0.7742187500000001 0.12812500000000002 0.0203125 0.028125
2 0.80234375 0.096875 0.026562500000000003 0.05625
2 0.8078125 0.15781250000000002 0.059375000000000004 0.034375
2 0.8250000000000001 0.13203125000000002 0.040625 0.0328125
2 0.8656250000000001 0.11484375000000001 0.053125000000000006 0.026562500000000003
2 0.5671875000000001 0.28125 0.053125000000000006 0.08125
2 0.015625 0.6257812500000001 0.028125 0.0734375
2 0.03125 0.56875 0.0125 0.0125
2 0.1390625 0.6156250000000001 0.0125 0.0125
2 0.26484375 0.5632812500000001 0.0203125 0.0171875
2 0.24296875 0.6179687500000001 0.045312500000000006 0.0390625
2 0.209375 0.75546875 0.15000000000000002 0.1296875
2 0.11093750000000001 0.53515625 0.037500000000000006 0.0578125
2 0.24140625000000002 0.47890625000000003 0.0734375 0.0546875
3 0.77109375 0.7265625 0.4609375 0.55
