2 0.7820312500000001 0.54453125 0.2234375 0.2171875
2 0.415625 0.52890625 0.096875 0.18281250000000002
2 0.33515625000000004 0.50390625 0.0859375 0.1484375
2 0.26406250000000003 0.48984375 0.05625 0.1015625
2 0.8015625000000001 0.30312500000000003 0.240625 0.21875
2 0.5859375 0.36328125 0.17500000000000002 0.1390625
2 0.46953125 0.28515625 0.2671875 0.2515625
2 0.49062500000000003 0.3671875 0.13125 0.1125
2 0.29296875 0.34687500000000004 0.0859375 0.12187500000000001
2 0.259375 0.29609375 0.115625 0.2234375
2 0.19921875 0.325 0.0921875 0.140625
2 0.209375 0.4625 0.05 0.09062500000000001
2 0.15859375 0.4609375 0.060937500000000006 0.109375
