0 0.24140625000000002 0.39296875000000003 0.47968750000000004 0.3359375
2 0.85859375 0.38046875 0.06406250000000001 0.035937500000000004
2 0.8445312500000001 0.2546875 0.0171875 0.025
2 0.82421875 0.26015625000000003 0.0203125 0.026562500000000003
2 0.7578125 0.2109375 0.043750000000000004 0.06875
2 0.7875000000000001 0.17109375000000002 0.0125 0.0171875
2 0.71484375 0.2921875 0.1046875 0.1125
2 0.57421875 0.1390625 0.1078125 0.084375
0 0.22812500000000002 0.8656250000000001 0.453125 0.27187500000000003
1 0.6609375000000001 0.7625000000000001 0.359375 0.234375
1 0.8546875 0.89453125 0.19062500000000002 0.21406250000000002
1 0.9390625 0.61328125 0.125 0.1046875
