2 0.6257812500000001 0.17343750000000002 0.010937500000000001 0.037500000000000006
2 0.33203125 0.0484375 0.1296875 0.0625
2 0.81171875 0.23359375000000002 0.0421875 0.029687500000000002
2 0.9187500000000001 0.2671875 0.034375 0.028125
2 0.89375 0.31328125 0.015625 0.0171875
2 0.86875 0.30312500000000003 0.021875000000000002 0.0125
2 0.8734375000000001 0.44843750000000004 0.03125 0.018750000000000003
2 0.71484375 0.2703125 0.0484375 0.03125
2 0.675 0.35859375000000004 0.053125000000000006 0.0734375
2 0.66953125 0.42109375000000004 0.045312500000000006 0.035937500000000004
1 0.21015625000000002 0.7312500000000001 0.41718750000000004 0.540625
