3 0.20625000000000002 0.23125 0.40937500000000004 0.45937500000000003
2 0.56640625 0.43828125 0.0890625 0.045312500000000006
2 0.59609375 0.37031250000000004 0.1328125 0.1125
2 0.7609375 0.23828125 0.040625 0.0703125
2 0.81796875 0.2484375 0.0859375 0.05625
2 0.9765625 0.18515625000000002 0.043750000000000004 0.0390625
2 0.9359375000000001 0.31093750000000003 0.13125 0.025
2 0.16718750000000002 0.59296875 0.08750000000000001 0.06406250000000001
2 0.08125 0.48984375 0.028125 0.0421875
2 0.353125 0.659375 0.046875 0.040625
2 0.09609375 0.7585937500000001 0.029687500000000002 0.0171875
3 0.7546875000000001 0.875 0.109375 0.096875
