2 0.56875 0.34140625 0.059375000000000004 0.0328125
2 0.5750000000000001 0.3171875 0.059375000000000004 0.028125
2 0.5546875 0.42734375 0.053125000000000006 0.0546875
2 0.56875 0.48828125 0.0625 0.0421875
2 0.60546875 0.59296875 0.1328125 0.1203125
2 0.68671875 0.51484375 0.0484375 0.026562500000000003
2 0.74609375 0.521875 0.0234375 0.021875000000000002
2 0.6898437500000001 0.6046875 0.0484375 0.037500000000000006
2 0.7359375 0.6703125000000001 0.125 0.046875
2 0.22109375 0.6804687500000001 0.010937500000000001 0.0171875
