0 0.19453125000000002 0.22109375 0.38593750000000004 0.4390625
1 0.7312500000000001 0.37031250000000004 0.340625 0.140625
1 0.6328125 0.20625000000000002 0.14375000000000002 0.22187500000000002
2 0.41953125 0.5796875 0.0390625 0.034375
2 0.51484375 0.53359375 0.0328125 0.029687500000000002
2 0.54609375 0.534375 0.029687500000000002 0.034375
2 0.55625 0.47109375000000003 0.009375000000000001 0.0078125
2 0.1796875 0.48281250000000003 0.021875000000000002 0.021875000000000002
2 0.19609375 0.4609375 0.0140625 0.0125
2 0.22109375 0.46640625 0.010937500000000001 0.0078125
2 0.08828125 0.4578125 0.0234375 0.021875000000000002
2 0.36328125 0.609375 0.010937500000000001 0.009375000000000001
2 0.553125 0.9046875000000001 0.015625 0.034375
2 0.4 0.90625 0.053125000000000006 0.07500000000000001
2 0.25546875 0.94296875 0.0171875 0.0078125
2 0.41484375 0.9867187500000001 0.0328125 0.029687500000000002
0 0.78125 0.7210937500000001 0.44062500000000004 0.5609375
