2 0.37734375000000003 0.546875 0.0484375 0.146875
2 0.2234375 0.3296875 0.07500000000000001 0.10312500000000001
2 0.33203125 0.18203125 0.1390625 0.0890625
2 0.21015625000000002 0.22109375 0.0859375 0.0765625
2 0.13828125 0.19609375 0.0390625 0.045312500000000006
2 0.14375000000000002 0.44062500000000004 0.065625 0.125
2 0.52109375 0.4390625 0.1796875 0.29375
2 0.7156250000000001 0.2328125 0.15937500000000002 0.34375
1 0.21875 0.7664062500000001 0.36562500000000003 0.2921875
3 0.70234375 0.70625 0.4265625 0.171875
