3 0.24296875 0.38828125 0.3296875 0.3046875
3 0.41250000000000003 0.23359375000000002 0.003125 0.004687500000000001
2 0.86640625 0.290625 0.060937500000000006 0.034375
2 0.8718750000000001 0.31562500000000004 0.0625 0.028125
2 0.85078125 0.2015625 0.0546875 0.05625
2 0.86640625 0.1390625 0.06406250000000001 0.043750000000000004
2 0.9031250000000001 0.046875 0.1375 0.09062500000000001
2 0.98203125 0.11093750000000001 0.0390625 0.028125
2 0.98359375 0.018750000000000003 0.035937500000000004 0.034375
1 0.25625000000000003 0.6796875 0.509375 0.278125
3 0.85546875 0.7312500000000001 0.2921875 0.30312500000000003
