2 0.32890625 0.2609375 0.3046875 0.51875
2 0.10546875 0.45390625 0.1234375 0.1328125
1 0.7718750000000001 0.43984375000000003 0.45937500000000003 0.1609375
1 0.1953125 0.7609375 0.3875 0.48125
2 0.9554687500000001 0.9398437500000001 0.0921875 0.1078125
2 0.95078125 0.8757812500000001 0.0765625 0.09531250000000001
2 0.8460937500000001 0.90390625 0.09531250000000001 0.0921875
2 0.7890625 0.86484375 0.14375000000000002 0.0671875
2 0.5578125 0.953125 0.153125 0.096875
2 0.5085937500000001 0.9398437500000001 0.0546875 0.1234375
2 0.5609375 0.78125 0.15937500000000002 0.15625
2 0.8 0.6921875000000001 0.178125 0.23750000000000002
2 0.9851562500000001 0.7734375 0.0328125 0.053125000000000006
2 0.98984375 0.728125 0.0234375 0.03125
