1 0.20703125 0.2484375 0.4109375 0.246875
1 0.48203125 0.184375 0.09843750000000001 0.184375
1 0.31796875 0.40156250000000004 0.2859375 0.1
1 0.34375 0.05078125 0.375 0.09843750000000001
0 0.7664062500000001 0.20703125 0.4703125 0.4109375
2 0.02890625 0.51015625 0.0546875 0.0890625
2 0.109375 0.90625 0.096875 0.096875
2 0.026562500000000003 0.8828125 0.05 0.109375
2 0.025781250000000002 0.80625 0.0484375 0.115625
2 0.134375 0.8140625 0.140625 0.125
2 0.25390625 0.56484375 0.32343750000000004 0.2265625
3 0.6179687500000001 0.6421875 0.17343750000000002 0.38125000000000003
