1 0.24765625000000002 0.060937500000000006 0.3359375 0.11875000000000001
2 0.6421875 0.05234375 0.043750000000000004 0.035937500000000004
2 0.68671875 0.09921875000000001 0.0421875 0.035937500000000004
2 0.096875 0.5015625 0.018750000000000003 0.025
2 0.07968750000000001 0.5906250000000001 0.025 0.043750000000000004
2 0.10703125000000001 0.62265625 0.029687500000000002 0.0421875
2 0.09062500000000001 0.71796875 0.034375 0.0390625
2 0.20703125 0.7039062500000001 0.029687500000000002 0.0390625
2 0.18984375 0.73984375 0.010937500000000001 0.026562500000000003
2 0.26328125 0.7796875000000001 0.0234375 0.034375
2 0.1921875 0.9046875000000001 0.043750000000000004 0.059375000000000004
2 0.58828125 0.8984375 0.0484375 0.040625
2 0.54609375 0.9398437500000001 0.0203125 0.026562500000000003
2 0.5796875 0.9437500000000001 0.015625 0.025
2 0.42109375000000004 0.98359375 0.026562500000000003 0.035937500000000004
2 0.91328125 0.353125 0.0140625 0.009375000000000001
2 0.85703125 0.44843750000000004 0.0140625 0.0125
2 0.78046875 0.52890625 0.0171875 0.026562500000000003
2 0.7234375000000001 0.45703125 0.0125 0.0140625
