1 0.42500000000000004 0.11796875000000001 0.253125 0.2328125
1 0.17578125 0.09531250000000001 0.1765625 0.1875
1 0.7765625 0.3046875 0.45 0.19375
1 0.259375 0.7015625000000001 0.515625 0.6000000000000001
2 0.9046875000000001 0.8171875000000001 0.025 0.03125
2 0.8625 0.81171875 0.015625 0.0203125
2 0.846875 0.8289062500000001 0.025 0.0203125
2 0.7757812500000001 0.7937500000000001 0.026562500000000003 0.021875000000000002
2 0.83203125 0.8796875000000001 0.0203125 0.025
2 0.81796875 0.8617187500000001 0.0234375 0.0203125
2 0.728125 0.87421875 0.015625 0.0140625
2 0.98046875 0.7523437500000001 0.010937500000000001 0.010937500000000001
