0 0.19140625 0.21640625000000002 0.3796875 0.4296875
0 0.69140625 0.22734375 0.6203125 0.4078125
2 0.24375000000000002 0.4421875 0.025 0.018750000000000003
2 0.06953125 0.5320312500000001 0.13593750000000002 0.1328125
2 0.0023437500000000003 0.61328125 0.0015625 0.0078125
2 0.08359375000000001 0.5609375 0.11406250000000001 0.1
2 0.16484375 0.58046875 0.035937500000000004 0.029687500000000002
2 0.30859375 0.51171875 0.0171875 0.010937500000000001
2 0.34921875 0.5359375000000001 0.035937500000000004 0.015625
2 0.2890625 0.5710937500000001 0.015625 0.010937500000000001
2 0.28125 0.5906250000000001 0.009375000000000001 0.0125
2 0.37812500000000004 0.596875 0.00625 0.015625
2 0.321875 0.6429687500000001 0.037500000000000006 0.0484375
2 0.20625000000000002 0.6859375000000001 0.034375 0.025
2 0.13359375 0.6960937500000001 0.0140625 0.0234375
2 0.07890625000000001 0.6875 0.029687500000000002 0.03125
2 0.01171875 0.87109375 0.0203125 0.0765625
2 0.24531250000000002 0.9500000000000001 0.059375000000000004 0.10312500000000001
1 0.6375000000000001 0.8078125 0.5125000000000001 0.3875
