1 0.42812500000000003 0.2609375 0.146875 0.259375
0 0.7312500000000001 0.3375 0.45937500000000003 0.10625000000000001
2 0.203125 0.45625000000000004 0.040625 0.065625
2 0.19453125000000002 0.5281250000000001 0.029687500000000002 0.043750000000000004
2 0.15156250000000002 0.52578125 0.046875 0.0484375
2 0.16953125000000002 0.47500000000000003 0.0203125 0.040625
2 0.10312500000000001 0.49921875000000004 0.040625 0.11093750000000001
2 0.25859375 0.9015625 0.1015625 0.053125000000000006
2 0.13359375 0.71875 0.0203125 0.028125
2 0.06328125 0.5703125 0.0484375 0.053125000000000006
2 0.9632812500000001 0.87265625 0.0765625 0.0765625
2 0.94140625 0.8390625 0.045312500000000006 0.040625
2 0.878125 0.8773437500000001 0.08750000000000001 0.06406250000000001
2 0.81953125 0.6078125000000001 0.0328125 0.034375
2 0.7585937500000001 0.6312500000000001 0.026562500000000003 0.018750000000000003
2 0.67734375 0.63046875 0.0328125 0.0203125
2 0.5515625000000001 0.53671875 0.046875 0.0421875
2 0.5265625 0.55078125 0.025 0.0140625
2 0.5703125 0.56953125 0.03125 0.0203125
2 0.53046875 0.6195312500000001 0.026562500000000003 0.0234375
