2 0.240625 0.47968750000000004 0.034375 0.021875000000000002
2 0.5234375 0.446875 0.040625 0.043750000000000004
2 0.7453125 0.26406250000000003 0.08750000000000001 0.06875
2 0.946875 0.12812500000000002 0.040625 0.034375
2 0.91171875 0.32578125 0.1484375 0.2109375
2 0.9656250000000001 0.36640625000000004 0.07187500000000001 0.2484375
2 0.984375 0.05625 0.034375 0.09062500000000001
0 0.30546875 0.8640625000000001 0.4890625 0.275
1 0.8171875000000001 0.58359375 0.36875 0.1859375
1 0.7312500000000001 0.79609375 0.28125 0.4109375
