1 0.19687500000000002 0.24609375 0.390625 0.4890625
0 0.7515625 0.24609375 0.5 0.4890625
2 0.18125000000000002 0.534375 0.025 0.018750000000000003
2 0.48203125 0.859375 0.0328125 0.034375
2 0.39140625 0.7453125 0.0390625 0.040625
2 0.41484375 0.7421875 0.035937500000000004 0.037500000000000006
2 0.33437500000000003 0.7585937500000001 0.0625 0.0421875
2 0.25703125 0.76484375 0.0421875 0.0390625
2 0.2734375 0.71796875 0.053125000000000006 0.026562500000000003
2 0.18984375 0.75703125 0.0703125 0.0671875
2 0.21796875000000002 0.7390625000000001 0.0328125 0.028125
2 0.21953125 0.70703125 0.0390625 0.0203125
2 0.9046875000000001 0.6953125 0.021875000000000002 0.021875000000000002
2 0.87109375 0.8515625 0.0390625 0.065625
