2 0.07187500000000001 0.22812500000000002 0.040625 0.043750000000000004
2 0.2 0.40468750000000003 0.065625 0.05625
2 0.039843750000000004 0.4265625 0.045312500000000006 0.05625
2 0.01953125 0.2609375 0.035937500000000004 0.053125000000000006
2 0.043750000000000004 0.046875 0.040625 0.037500000000000006
2 0.0671875 0.10390625 0.03125 0.0390625
2 0.032031250000000004 0.57421875 0.035937500000000004 0.0328125
0 0.8093750000000001 0.29609375 0.384375 0.5890625
3 0.41718750000000004 0.734375 0.22812500000000002 0.28750000000000003
2 0.9632812500000001 0.90546875 0.0765625 0.0484375
2 0.8578125000000001 0.7375 0.018750000000000003 0.025
2 0.7914062500000001 0.6078125000000001 0.045312500000000006 0.034375
2 0.6000000000000001 0.8343750000000001 0.037500000000000006 0.025
2 0.5593750000000001 0.8421875000000001 0.015625 0.021875000000000002
2 0.54296875 0.8070312500000001 0.0234375 0.0171875
2 0.69140625 0.87890625 0.035937500000000004 0.035937500000000004
2 0.6687500000000001 0.8562500000000001 0.025 0.021875000000000002
2 0.7093750000000001 0.8453125 0.015625 0.025
2 0.68125 0.8304687500000001 0.0125 0.026562500000000003
2 0.6421875 0.96015625 0.12812500000000002 0.0546875
