2 0.33671875 0.43515625 0.0171875 0.0171875
2 0.26406250000000003 0.40468750000000003 0.00625 0.009375000000000001
2 0.3015625 0.36250000000000004 0.028125 0.028125
2 0.33125000000000004 0.37812500000000004 0.00625 0.00625
2 0.23750000000000002 0.2890625 0.03125 0.018750000000000003
2 0.27968750000000003 0.2703125 0.040625 0.025
2 0.3875 0.0625 0.00625 0.009375000000000001
2 0.32656250000000003 0.010937500000000001 0.015625 0.0125
2 0.18515625000000002 0.032031250000000004 0.029687500000000002 0.026562500000000003
0 0.565625 0.28125 0.309375 0.5593750000000001
1 0.20625000000000002 0.86640625 0.40937500000000004 0.2703125
