1 0.17109375000000002 0.36953125000000003 0.33906250000000004 0.26406250000000003
1 0.6976562500000001 0.2515625 0.5546875 0.5
0 0.1171875 0.7390625000000001 0.23125 0.465625
2 0.77734375 0.5421875 0.1328125 0.08125
2 0.80078125 0.69921875 0.1796875 0.1265625
2 0.7898437500000001 0.8140625 0.1265625 0.07187500000000001
2 0.5632812500000001 0.8265625000000001 0.09531250000000001 0.096875
2 0.66171875 0.8031250000000001 0.0859375 0.109375
2 0.67109375 0.728125 0.1015625 0.115625
2 0.5375 0.7359375 0.140625 0.125
2 0.45859375 0.55078125 0.23593750000000002 0.09843750000000001
