2 0.36250000000000004 0.04453125 0.19062500000000002 0.0859375
2 0.246875 0.0625 0.08750000000000001 0.040625
2 0.1171875 0.109375 0.21250000000000002 0.1
2 0.06484375 0.1375 0.1265625 0.134375
2 0.0859375 0.2 0.16875 0.17500000000000002
2 0.5632812500000001 0.11406250000000001 0.060937500000000006 0.034375
2 0.5765625 0.00390625 0.015625 0.004687500000000001
2 0.5945312500000001 0.00625 0.0203125 0.009375000000000001
2 0.7000000000000001 0.04296875 0.1 0.08281250000000001
1 0.23593750000000002 0.6296875000000001 0.46875 0.6781250000000001
1 0.74140625 0.47187500000000004 0.5203125000000001 0.36250000000000004
