1 0.3640625 0.26640625 0.134375 0.5296875
1 0.6375000000000001 0.22031250000000002 0.41250000000000003 0.19375
1 0.92578125 0.38593750000000004 0.15156250000000002 0.240625
1 0.9226562500000001 0.16640625 0.15781250000000002 0.1046875
2 0.35859375000000004 0.8140625 0.051562500000000004 0.065625
2 0.0578125 0.79453125 0.059375000000000004 0.0578125
2 0.00703125 0.7781250000000001 0.010937500000000001 0.08125
2 0.14296875 0.68515625 0.1046875 0.0703125
2 0.40625 0.79609375 0.05 0.060937500000000006
2 0.40859375000000003 0.7109375 0.045312500000000006 0.065625
2 0.38984375000000004 0.6820312500000001 0.0578125 0.06406250000000001
1 0.6781250000000001 0.9031250000000001 0.49375 0.19687500000000002
1 0.96015625 0.73984375 0.08281250000000001 0.2578125
