2 0.46718750000000003 0.94140625 0.06875 0.1203125
2 0.465625 0.8765625 0.08125 0.10312500000000001
2 0.5765625 0.7367187500000001 0.07187500000000001 0.060937500000000006
2 0.48359375000000004 0.74375 0.060937500000000006 0.09062500000000001
2 0.41171875 0.7289062500000001 0.0328125 0.035937500000000004
2 0.421875 0.6257812500000001 0.053125000000000006 0.051562500000000004
2 0.47421875 0.43359375 0.0328125 0.0328125
2 0.5953125 0.45078125 0.10312500000000001 0.1328125
2 0.5789062500000001 0.3515625 0.0421875 0.053125000000000006
2 0.58828125 0.265625 0.0921875 0.09375
2 0.49375 0.22578125000000002 0.05 0.0546875
2 0.5875 0.2078125 0.10312500000000001 0.053125000000000006
2 0.6585937500000001 0.18046875 0.2109375 0.08281250000000001
