2 0.30312500000000003 0.22187500000000002 0.015625 0.0125
2 0.4078125 0.2671875 0.015625 0.015625
2 0.4765625 0.29531250000000003 0.00625 0.009375000000000001
2 0.44062500000000004 0.3375 0.028125 0.025
2 0.41250000000000003 0.321875 0.00625 0.00625
2 0.503125 0.40859375000000003 0.03125 0.0203125
2 0.46171875 0.4265625 0.0390625 0.025
1 0.84375 0.30000000000000004 0.265625 0.34687500000000004
1 0.9296875 0.5281250000000001 0.14375000000000002 0.046875
1 0.753125 0.540625 0.1625 0.021875000000000002
3 0.1203125 0.66171875 0.23750000000000002 0.22031250000000002
3 0.78671875 0.571875 0.4296875 0.040625
