2 0.1875 0.52578125 0.08125 0.0703125
2 0.20468750000000002 0.3140625 0.08750000000000001 0.15625
2 0.1640625 0.07890625000000001 0.05 0.09531250000000001
2 0.234375 0.01640625 0.078125 0.029687500000000002
2 0.1546875 0.01171875 0.046875 0.0203125
0 0.7210937500000001 0.13671875 0.5609375 0.2703125
2 0.0765625 0.7984375 0.09062500000000001 0.07500000000000001
2 0.010937500000000001 0.9078125 0.018750000000000003 0.043750000000000004
2 0.0203125 0.9375 0.037500000000000006 0.025
2 0.15859375 0.88046875 0.1609375 0.0765625
1 0.6203125 0.7609375 0.359375 0.4
