2 0.19062500000000002 0.446875 0.040625 0.028125
2 0.19375 0.48281250000000003 0.053125000000000006 0.028125
2 0.27890625 0.36796875 0.029687500000000002 0.0546875
2 0.1859375 0.321875 0.028125 0.028125
2 0.1703125 0.23359375000000002 0.03125 0.0234375
2 0.12734375 0.12109375 0.0703125 0.07968750000000001
1 0.6390625000000001 0.40078125000000003 0.39687500000000003 0.5390625
2 0.39687500000000003 0.91796875 0.059375000000000004 0.045312500000000006
2 0.52578125 0.7609375 0.2015625 0.18125000000000002
2 0.42734375 0.75390625 0.029687500000000002 0.026562500000000003
2 0.48203125 0.91796875 0.1640625 0.1078125
2 0.5789062500000001 0.9171875 0.09531250000000001 0.096875
2 0.6507812500000001 0.91796875 0.051562500000000004 0.13593750000000002
